z         (m) Bx        (T) By        (T) Bz        (T) |B|       (T) O       (m-3) CO2     (m-3) ng      (m-3) ne      (m-3) Te        (K) Ti        (K) Tg        (K) nu_iz   (1/s) pe       (Pa) pO2+     (Pa) pCO2+    (Pa) pO+      (Pa) vs      (m/s)
+4.000000e+05 +1.000000e-11 +1.000000e-11 +4.000000e-08 +4.000000e-08 +1.370000e+12 +4.750000e+08 +1.394255e+12 +2.1657e+09 +3.998800e+03 +2.597900e+03 +2.683000e+02 +6.345420e-02 +7.366931e-11 +2.167574e-11 +5.007104e-13 +2.568429e-11 +4.788178e+02
+3.990000e+05 +1.000000e-11 +1.000000e-11 +4.000000e-08 +4.000000e-08 +1.400000e+12 +4.970000e+08 +1.425197e+12 +2.1948e+09 +3.998800e+03 +2.597500e+03 +2.683000e+02 +6.485680e-02 +7.447906e-11 +2.194638e-11 +5.107917e-13 +2.592218e-11 +4.787649e+02
+3.980000e+05 +1.000000e-11 +1.000000e-11 +4.000000e-08 +4.000000e-08 +1.430000e+12 +5.210000e+08 +1.456041e+12 +2.2214e+09 +3.998700e+03 +2.597100e+03 +2.683000e+02 +6.625950e-02 +7.527770e-11 +2.221500e-11 +5.209491e-13 +2.615587e-11 +4.787258e+02
+3.970000e+05 +1.000000e-11 +1.000000e-11 +4.000000e-08 +4.000000e-08 +1.460000e+12 +5.450000e+08 +1.487005e+12 +2.2438e+09 +3.998700e+03 +2.596600e+03 +2.683000e+02 +6.766220e-02 +7.607033e-11 +2.248110e-11 +5.311716e-13 +2.638484e-11 +4.786741e+02
+3.960000e+05 +1.000000e-11 +1.000000e-11 +4.000000e-08 +4.000000e-08 +1.500000e+12 +5.890000e+08 +1.528089e+12 +2.2601e+09 +3.998600e+03 +2.596200e+03 +2.683000e+02 +6.926720e-02 +7.696476e-11 +2.277944e-11 +5.422860e-13 +2.664974e-11 +4.786299e+02
+3.950000e+05 +1.000000e-11 +1.000000e-11 +4.000000e-08 +4.000000e-08 +1.530000e+12 +6.470000e+08 +1.559347e+12 +2.2688e+09 +3.998500e+03 +2.595700e+03 +2.683000e+02 +7.077380e-02 +7.779473e-11 +2.305856e-11 +5.530772e-13 +2.689025e-11 +4.785442e+02
+3.940000e+05 +1.000000e-11 +1.000000e-11 +4.000000e-08 +4.000000e-08 +1.560000e+12 +7.070000e+08 +1.590707e+12 +2.2720e+09 +3.998500e+03 +2.595200e+03 +2.683000e+02 +7.238070e-02 +7.867292e-11 +2.335211e-11 +5.643492e-13 +2.714568e-11 +4.784503e+02
+3.930000e+05 +1.000000e-11 +1.000000e-11 +4.000000e-08 +4.000000e-08 +1.600000e+12 +7.700000e+08 +1.632070e+12 +2.2738e+09 +3.998400e+03 +2.594600e+03 +2.683000e+02 +7.408790e-02 +7.959272e-11 +2.365843e-11 +5.760709e-13 +2.741398e-11 +4.783818e+02
+3.920000e+05 +1.000000e-11 +1.000000e-11 +4.000000e-08 +4.000000e-08 +1.640000e+12 +8.360000e+08 +1.673336e+12 +2.2753e+09 +3.998300e+03 +2.594100e+03 +2.683000e+02 +7.569540e-02 +8.044893e-11 +2.394750e-11 +5.875143e-13 +2.766031e-11 +4.783264e+02
+3.910000e+05 +1.000000e-11 +1.000000e-11 +4.000000e-08 +4.000000e-08 +1.670000e+12 +9.040000e+08 +1.704904e+12 +2.2771e+09 +3.998300e+03 +2.593500e+03 +2.683000e+02 +7.750300e-02 +8.140382e-11 +2.426517e-11 +5.998046e-13 +2.793767e-11 +4.782204e+02
+3.900000e+05 +1.000000e-11 +1.000000e-11 +4.000000e-08 +4.000000e-08 +1.710000e+12 +9.750000e+08 +1.746275e+12 +2.2803e+09 +3.998200e+03 +2.592900e+03 +2.683000e+02 +7.921100e-02 +8.229323e-11 +2.456468e-11 +6.117946e-13 +2.819208e-11 +4.781600e+02
+3.890000e+05 +1.000000e-11 +1.000000e-11 +4.000000e-08 +4.000000e-08 +1.750000e+12 +1.050000e+09 +1.787850e+12 +2.2920e+09 +3.998100e+03 +2.592300e+03 +2.683000e+02 +8.102000e-02 +8.322491e-11 +2.487754e-11 +6.242668e-13 +2.845981e-11 +4.780819e+02
+3.880000e+05 +1.000000e-11 +1.000000e-11 +4.000000e-08 +4.000000e-08 +1.790000e+12 +1.130000e+09 +1.829430e+12 +2.3144e+09 +3.998000e+03 +2.591600e+03 +2.683000e+02 +8.282800e-02 +8.414564e-11 +2.518692e-11 +6.368044e-13 +2.872151e-11 +4.780063e+02
+3.870000e+05 +1.000000e-11 +1.000000e-11 +4.000000e-08 +4.000000e-08 +1.830000e+12 +1.210000e+09 +1.871110e+12 +2.3408e+09 +3.997900e+03 +2.590000e+03 +2.683000e+02 +8.473800e-02 +8.510752e-11 +2.550050e-11 +6.496029e-13 +2.898597e-11 +4.779247e+02
+3.860000e+05 +1.000000e-11 +1.000000e-11 +4.000000e-08 +4.000000e-08 +1.870000e+12 +1.290000e+09 +1.912790e+12 +2.3648e+09 +3.997800e+03 +2.589200e+03 +2.683000e+02 +8.664700e-02 +8.605804e-11 +2.581918e-11 +6.626892e-13 +2.925415e-11 +4.778467e+02
+3.850000e+05 +1.000000e-11 +1.000000e-11 +4.000000e-08 +4.000000e-08 +1.910000e+12 +1.370000e+09 +1.954470e+12 +2.3797e+09 +3.997700e+03 +2.588400e+03 +2.683000e+02 +8.855700e-02 +8.699854e-11 +2.613558e-11 +6.758772e-13 +2.951769e-11 +4.777720e+02
+3.840000e+05 +1.000000e-11 +1.000000e-11 +4.000000e-08 +4.000000e-08 +1.960000e+12 +1.460000e+09 +2.006360e+12 +2.3862e+09 +3.997600e+03 +2.587600e+03 +2.683000e+02 +9.056700e-02 +8.797744e-11 +2.646425e-11 +6.895464e-13 +2.979298e-11 +4.777026e+02
+3.830000e+05 +1.000000e-11 +1.000000e-11 +4.000000e-08 +4.000000e-08 +2.000000e+12 +1.560000e+09 +2.048160e+12 +2.3906e+09 +3.997500e+03 +2.586700e+03 +2.683000e+02 +9.267700e-02 +8.899347e-11 +2.680381e-11 +7.036696e-13 +3.007836e-11 +4.776218e+02
+3.820000e+05 +1.000000e-11 +1.000000e-11 +4.000000e-08 +4.000000e-08 +2.050000e+12 +1.650000e+09 +2.100150e+12 +2.3943e+09 +3.997400e+03 +2.585800e+03 +2.683000e+02 +9.468800e-02 +8.995088e-11 +2.712645e-11 +7.175191e-13 +3.034260e-11 +4.775509e+02
+3.810000e+05 +1.000000e-11 +1.000000e-11 +4.000000e-08 +4.000000e-08 +2.090000e+12 +1.750000e+09 +2.142050e+12 +2.3987e+09 +3.997300e+03 +2.584900e+03 +2.683000e+02 +9.690000e-02 +9.099252e-11 +2.747522e-11 +7.322342e-13 +3.063390e-11 +4.774687e+02
+3.800000e+05 +1.000000e-11 +1.000000e-11 +4.000000e-08 +4.000000e-08 +2.140000e+12 +1.850000e+09 +2.194150e+12 +2.4054e+09 +3.997200e+03 +2.583900e+03 +2.683000e+02 +9.901200e-02 +9.197579e-11 +2.780605e-11 +7.466488e-13 +3.090298e-11 +4.773947e+02
+3.790000e+05 +1.000000e-11 +1.000000e-11 +4.000000e-08 +4.000000e-08 +2.190000e+12 +1.960000e+09 +2.246260e+12 +2.4202e+09 +3.997000e+03 +2.582900e+03 +2.683000e+02 +1.012240e-01 +9.299145e-11 +2.814808e-11 +7.615425e-13 +3.118235e-11 +4.773224e+02
+3.780000e+05 +1.000000e-11 +1.000000e-11 +4.000000e-08 +4.000000e-08 +2.240000e+12 +2.070000e+09 +2.298470e+12 +2.4441e+09 +3.996900e+03 +2.581800e+03 +2.683000e+02 +1.032370e-01 +9.390847e-11 +2.845914e-11 +7.757745e-13 +3.142532e-11 +4.772459e+02
+3.770000e+05 +1.000000e-11 +1.000000e-11 +4.000000e-08 +4.000000e-08 +2.290000e+12 +2.190000e+09 +2.350790e+12 +2.4713e+09 +3.996800e+03 +2.580700e+03 +2.683000e+02 +1.062500e-01 +9.526587e-11 +2.890445e-11 +7.938651e-13 +3.181406e-11 +4.771637e+02
+3.760000e+05 +1.000000e-11 +1.000000e-11 +4.000000e-08 +4.000000e-08 +2.340000e+12 +2.310000e+09 +2.403110e+12 +2.4959e+09 +3.996600e+03 +2.579500e+03 +2.683000e+02 +1.082630e-01 +9.615781e-11 +2.920890e-11 +8.082869e-13 +3.204533e-11 +4.770851e+02
+3.750000e+05 +1.000000e-11 +1.000000e-11 +4.000000e-08 +4.000000e-08 +2.390000e+12 +2.430000e+09 +2.455530e+12 +2.5120e+09 +3.996500e+03 +2.578200e+03 +2.683000e+02 +1.102770e-01 +9.704492e-11 +2.951060e-11 +8.228046e-13 +3.227168e-11 +4.770028e+02
+3.740000e+05 +1.000000e-11 +1.000000e-11 +4.000000e-08 +4.000000e-08 +2.440000e+12 +2.560000e+09 +2.507960e+12 +2.5200e+09 +3.996300e+03 +2.577000e+03 +2.683000e+02 +1.132920e-01 +9.835617e-11 +2.994389e-11 +8.411921e-13 +3.263955e-11 +4.769225e+02
+3.730000e+05 +1.000000e-11 +1.000000e-11 +4.000000e-08 +4.000000e-08 +2.500000e+12 +2.690000e+09 +2.570590e+12 +2.5256e+09 +3.996100e+03 +2.575600e+03 +2.683000e+02 +1.153070e-01 +9.922051e-11 +3.023950e-11 +8.559138e-13 +3.285502e-11 +4.768519e+02
+3.720000e+05 +1.000000e-11 +1.000000e-11 +4.000000e-08 +4.000000e-08 +2.550000e+12 +2.830000e+09 +2.623230e+12 +2.5304e+09 +3.996000e+03 +2.574200e+03 +2.683000e+02 +1.183230e-01 +1.005065e-10 +3.066352e-11 +8.744717e-13 +3.320769e-11 +4.767635e+02
+3.710000e+05 +1.000000e-11 +1.000000e-11 +4.000000e-08 +4.000000e-08 +2.610000e+12 +2.970000e+09 +2.685970e+12 +2.5360e+09 +3.995800e+03 +2.572800e+03 +2.683000e+02 +1.213390e-01 +1.017727e-10 +3.108308e-11 +8.931330e-13 +3.355279e-11 +4.766918e+02
+3.700000e+05 +1.000000e-11 +1.000000e-11 +4.000000e-08 +4.000000e-08 +2.670000e+12 +3.120000e+09 +2.748720e+12 +2.5440e+09 +3.995600e+03 +2.571200e+03 +2.683000e+02 +1.233560e-01 +1.026084e-10 +3.136935e-11 +9.081678e-13 +3.375178e-11 +4.766220e+02
+3.690000e+05 +1.000000e-11 +1.000000e-11 +4.000000e-08 +4.000000e-08 +2.730000e+12 +3.270000e+09 +2.811670e+12 +2.5594e+09 +3.995400e+03 +2.569700e+03 +2.683000e+02 +1.263730e-01 +1.038488e-10 +3.178119e-11 +9.270415e-13 +3.408364e-11 +4.765431e+02
+3.680000e+05 +1.000000e-11 +1.000000e-11 +4.000000e-08 +4.000000e-08 +2.790000e+12 +3.430000e+09 +2.874630e+12 +2.5827e+09 +3.995200e+03 +2.568000e+03 +2.683000e+02 +1.293910e-01 +1.050747e-10 +3.218682e-11 +9.459657e-13 +3.440620e-11 +4.764663e+02
+3.670000e+05 +1.000000e-11 +1.000000e-11 +4.000000e-08 +4.000000e-08 +2.850000e+12 +3.590000e+09 +2.937690e+12 +2.6093e+09 +3.995000e+03 +2.566300e+03 +2.683000e+02 +1.324100e-01 +1.062865e-10 +3.258880e-11 +9.650153e-13 +3.472227e-11 +4.763869e+02
+3.660000e+05 +1.000000e-11 +1.000000e-11 +4.000000e-08 +4.000000e-08 +2.910000e+12 +3.760000e+09 +3.000860e+12 +2.6347e+09 +3.994700e+03 +2.564500e+03 +2.683000e+02 +1.354290e-01 +1.074808e-10 +3.298562e-11 +9.841447e-13 +3.503028e-11 +4.763039e+02
+3.650000e+05 +1.000000e-11 +1.000000e-11 +4.000000e-08 +4.000000e-08 +2.980000e+12 +3.970000e+09 +3.074370e+12 +2.6542e+09 +3.994500e+03 +2.562600e+03 +2.683000e+02 +1.384530e-01 +1.086670e-10 +3.337847e-11 +1.003389e-12 +3.533154e-11 +4.762210e+02
+3.640000e+05 +1.000000e-11 +1.000000e-11 +4.000000e-08 +4.000000e-08 +3.050000e+12 +4.330000e+09 +3.148730e+12 +2.6673e+09 +3.994200e+03 +2.560600e+03 +2.683000e+02 +1.414950e-01 +1.098436e-10 +3.376844e-11 +1.022780e-12 +3.562725e-11 +4.760849e+02
+3.630000e+05 +1.000000e-11 +1.000000e-11 +4.000000e-08 +4.000000e-08 +3.120000e+12 +4.710000e+09 +3.223110e+12 +2.6778e+09 +3.994000e+03 +2.558500e+03 +2.683000e+02 +1.445370e-01 +1.110108e-10 +3.415393e-11 +1.042271e-12 +3.591575e-11 +4.759526e+02
+3.620000e+05 +1.000000e-11 +1.000000e-11 +4.000000e-08 +4.000000e-08 +3.200000e+12 +5.100000e+09 +3.307800e+12 +2.6874e+09 +3.993700e+03 +2.556400e+03 +2.683000e+02 +1.485820e-01 +1.125424e-10 +3.465300e-11 +1.065489e-12 +3.632083e-11 +4.758283e+02
+3.610000e+05 +1.000000e-11 +1.000000e-11 +4.000000e-08 +4.000000e-08 +3.270000e+12 +5.510000e+09 +3.382610e+12 +2.6981e+09 +3.993400e+03 +2.554200e+03 +2.683000e+02 +1.516290e-01 +1.136794e-10 +3.502980e-11 +1.085212e-12 +3.659493e-11 +4.756844e+02
+3.600000e+05 +1.000000e-11 +1.000000e-11 +4.000000e-08 +4.000000e-08 +3.350000e+12 +5.930000e+09 +3.467530e+12 +2.7115e+09 +3.993100e+03 +2.551800e+03 +2.683000e+02 +1.556770e-01 +1.151755e-10 +3.551506e-11 +1.108557e-12 +3.697957e-11 +4.755592e+02
+3.590000e+05 +1.000000e-11 +1.000000e-11 +4.000000e-08 +4.000000e-08 +3.430000e+12 +6.380000e+09 +3.552680e+12 +2.7313e+09 +3.992800e+03 +2.549400e+03 +2.683000e+02 +1.587280e-01 +1.162873e-10 +3.588230e-11 +1.128481e-12 +3.723856e-11 +4.754272e+02
+3.580000e+05 +1.000000e-11 +1.000000e-11 +4.000000e-08 +4.000000e-08 +3.510000e+12 +6.840000e+09 +3.638040e+12 +2.7570e+09 +3.992500e+03 +2.546900e+03 +2.683000e+02 +1.627800e-01 +1.177507e-10 +3.635710e-11 +1.152051e-12 +3.760648e-11 +4.752911e+02
+3.570000e+05 +1.000000e-11 +1.000000e-11 +4.000000e-08 +4.000000e-08 +3.590000e+12 +7.320000e+09 +3.723420e+12 +2.7848e+09 +3.992100e+03 +2.544200e+03 +2.683000e+02 +1.668350e-01 +1.191927e-10 +3.682385e-11 +1.175657e-12 +3.796302e-11 +4.751591e+02
+3.560000e+05 +1.000000e-11 +1.000000e-11 +4.000000e-08 +4.000000e-08 +3.680000e+12 +7.820000e+09 +3.819220e+12 +2.8107e+09 +3.991800e+03 +2.541500e+03 +2.683000e+02 +1.708920e-01 +1.206214e-10 +3.728602e-11 +1.199405e-12 +3.831182e-11 +4.750314e+02
+3.550000e+05 +1.000000e-11 +1.000000e-11 +4.000000e-08 +4.000000e-08 +3.760000e+12 +8.330000e+09 +3.905030e+12 +2.8308e+09 +3.991400e+03 +2.538600e+03 +2.683000e+02 +1.749510e-01 +1.220295e-10 +3.774023e-11 +1.223188e-12 +3.864947e-11 +4.748912e+02
+3.540000e+05 +1.000000e-11 +1.000000e-11 +4.000000e-08 +4.000000e-08 +3.850000e+12 +8.870000e+09 +4.001170e+12 +2.8445e+09 +3.991000e+03 +2.535600e+03 +2.683000e+02 +1.790100e-01 +1.234208e-10 +3.818812e-11 +1.247055e-12 +3.897772e-11 +4.747593e+02
+3.530000e+05 +1.000000e-11 +1.000000e-11 +4.000000e-08 +4.000000e-08 +3.940000e+12 +9.430000e+09 +4.097330e+12 +2.8554e+09 +3.990600e+03 +2.532400e+03 +2.683000e+02 +1.830800e-01 +1.247997e-10 +3.862943e-11 +1.270996e-12 +3.929637e-11 +4.746318e+02
+3.520000e+05 +1.000000e-11 +1.000000e-11 +4.000000e-08 +4.000000e-08 +4.030000e+12 +1.000000e+10 +4.193900e+12 +2.8653e+09 +3.990200e+03 +2.529200e+03 +2.683000e+02 +1.871400e-01 +1.261594e-10 +3.906506e-11 +1.295040e-12 +3.960639e-11 +4.744932e+02
+3.510000e+05 +1.000000e-11 +1.000000e-11 +4.000000e-08 +4.000000e-08 +4.120000e+12 +1.060000e+10 +4.290600e+12 +2.8765e+09 +3.989700e+03 +2.525800e+03 +2.683000e+02 +1.922100e-01 +1.278360e-10 +3.959698e-11 +1.322591e-12 +4.001087e-11 +4.743544e+02
+3.500000e+05 +1.000000e-11 +1.000000e-11 +4.000000e-08 +4.000000e-08 +4.220000e+12 +1.120000e+10 +4.397500e+12 +2.8908e+09 +3.989300e+03 +2.522300e+03 +2.683000e+02 +1.962800e-01 +1.291655e-10 +4.001901e-11 +1.346787e-12 +4.030117e-11 +4.742315e+02
+3.490000e+05 +1.000000e-11 +1.000000e-11 +4.000000e-08 +4.000000e-08 +4.320000e+12 +1.190000e+10 +4.504700e+12 +2.9123e+09 +3.988800e+03 +2.518600e+03 +2.683000e+02 +2.013600e-01 +1.308049e-10 +4.053503e-11 +1.374459e-12 +4.068306e-11 +4.740985e+02
+3.480000e+05 +1.000000e-11 +1.000000e-11 +4.000000e-08 +4.000000e-08 +4.420000e+12 +1.260000e+10 +4.611900e+12 +2.9411e+09 +3.988300e+03 +2.514700e+03 +2.683000e+02 +2.054400e-01 +1.321018e-10 +4.094177e-11 +1.398739e-12 +4.095223e-11 +4.739717e+02
+3.470000e+05 +1.000000e-11 +1.000000e-11 +4.000000e-08 +4.000000e-08 +4.520000e+12 +1.330000e+10 +4.720200e+12 +2.9729e+09 +3.987700e+03 +2.510700e+03 +2.683000e+02 +2.105200e-01 +1.336989e-10 +4.144094e-11 +1.426490e-12 +4.131085e-11 +4.738119e+02
+3.460000e+05 +1.000000e-11 +1.000000e-11 +4.000000e-08 +4.000000e-08 +4.630000e+12 +1.400000e+10 +4.837600e+12 +3.0033e+09 +3.987200e+03 +2.506600e+03 +2.683000e+02 +2.156000e-01 +1.352802e-10 +4.193253e-11 +1.454317e-12 +4.165865e-11 +4.737074e+02
+3.450000e+05 +1.000000e-11 +1.000000e-11 +4.000000e-08 +4.000000e-08 +4.730000e+12 +1.480000e+10 +4.946200e+12 +3.0281e+09 +3.986600e+03 +2.502200e+03 +2.683000e+02 +2.206900e-01 +1.368409e-10 +4.241365e-11 +1.482118e-12 +4.199280e-11 +4.735463e+02
+3.440000e+05 +1.000000e-11 +1.000000e-11 +4.000000e-08 +4.000000e-08 +4.840000e+12 +1.560000e+10 +5.064900e+12 +3.0466e+09 +3.986000e+03 +2.497700e+03 +2.683000e+02 +2.257700e-01 +1.383797e-10 +4.288611e-11 +1.509951e-12 +4.231519e-11 +4.734057e+02
+3.430000e+05 +1.000000e-11 +1.000000e-11 +4.000000e-08 +4.000000e-08 +4.950000e+12 +1.640000e+10 +5.182700e+12 +3.0623e+09 +3.985400e+03 +2.493000e+03 +2.683000e+02 +2.308700e-01 +1.399065e-10 +4.335116e-11 +1.537857e-12 +4.262712e-11 +4.733004e+02
+3.420000e+05 +1.000000e-11 +1.000000e-11 +4.000000e-08 +4.000000e-08 +5.070000e+12 +1.720000e+10 +5.312600e+12 +3.0769e+09 +3.984700e+03 +2.488200e+03 +2.683000e+02 +2.359600e-01 +1.414079e-10 +4.380743e-11 +1.565785e-12 +4.292732e-11 +4.731507e+02
+3.410000e+05 +1.000000e-11 +1.000000e-11 +4.000000e-08 +4.000000e-08 +5.180000e+12 +1.810000e+10 +5.431600e+12 +3.0925e+09 +3.984000e+03 +2.483100e+03 +2.683000e+02 +2.420600e-01 +1.431912e-10 +4.434537e-11 +1.596988e-12 +4.330417e-11 +4.730153e+02
+3.400000e+05 +1.000000e-11 +1.000000e-11 +4.000000e-08 +4.000000e-08 +5.300000e+12 +1.900000e+10 +5.560800e+12 +3.1107e+09 +3.983300e+03 +2.477800e+03 +2.683000e+02 +2.471700e-01 +1.446616e-10 +4.478232e-11 +1.624909e-12 +4.357908e-11 +4.728959e+02
+3.390000e+05 +1.000000e-11 +1.000000e-11 +4.000000e-08 +4.000000e-08 +5.430000e+12 +1.990000e+10 +5.701100e+12 +3.1333e+09 +3.982500e+03 +2.472300e+03 +2.683000e+02 +2.532700e-01 +1.463974e-10 +4.529839e-11 +1.656054e-12 +4.392773e-11 +4.727661e+02
+3.380000e+05 +1.000000e-11 +1.000000e-11 +4.000000e-08 +4.000000e-08 +5.550000e+12 +2.090000e+10 +5.831600e+12 +3.1595e+09 +3.981800e+03 +2.466600e+03 +2.683000e+02 +2.593900e-01 +1.481216e-10 +4.580539e-11 +1.687243e-12 +4.426406e-11 +4.726175e+02
+3.370000e+05 +1.000000e-11 +1.000000e-11 +4.000000e-08 +4.000000e-08 +5.680000e+12 +2.190000e+10 +5.971900e+12 +3.1874e+09 +3.980900e+03 +2.460700e+03 +2.683000e+02 +2.645000e-01 +1.495294e-10 +4.621241e-11 +1.715098e-12 +4.450059e-11 +4.724966e+02
+3.360000e+05 +1.000000e-11 +1.000000e-11 +4.000000e-08 +4.000000e-08 +5.810000e+12 +2.300000e+10 +6.113000e+12 +3.2154e+09 +3.980100e+03 +2.454500e+03 +2.683000e+02 +2.706200e-01 +1.512097e-10 +4.669606e-11 +1.746144e-12 +4.480779e-11 +4.723562e+02
+3.350000e+05 +1.000000e-11 +1.000000e-11 +4.000000e-08 +4.000000e-08 +5.940000e+12 +2.400000e+10 +6.254000e+12 +3.2417e+09 +3.979200e+03 +2.448100e+03 +2.683000e+02 +2.777400e-01 +1.531408e-10 +4.725346e-11 +1.780340e-12 +4.518211e-11 +4.722285e+02
+3.340000e+05 +1.000000e-11 +1.000000e-11 +4.000000e-08 +4.000000e-08 +6.090000e+12 +2.600000e+10 +6.419000e+12 +3.2660e+09 +3.978200e+03 +2.441400e+03 +2.683000e+02 +2.839700e-01 +1.547980e-10 +4.772065e-11 +1.811528e-12 +4.546655e-11 +4.720002e+02
+3.330000e+05 +1.000000e-11 +1.000000e-11 +4.000000e-08 +4.000000e-08 +6.240000e+12 +2.810000e+10 +6.584100e+12 +3.2894e+09 +3.977200e+03 +2.434500e+03 +2.683000e+02 +2.922100e-01 +1.569764e-10 +4.834324e-11 +1.849030e-12 +4.589517e-11 +4.717778e+02
+3.320000e+05 +1.000000e-11 +1.000000e-11 +4.000000e-08 +4.000000e-08 +6.400000e+12 +3.030000e+10 +6.760300e+12 +3.3127e+09 +3.976200e+03 +2.427400e+03 +2.683000e+02 +2.994600e-01 +1.588597e-10 +4.886950e-11 +1.883284e-12 +4.622824e-11 +4.715519e+02
+3.310000e+05 +1.000000e-11 +1.000000e-11 +4.000000e-08 +4.000000e-08 +6.560000e+12 +3.260000e+10 +6.936600e+12 +3.3363e+09 +3.975100e+03 +2.419900e+03 +2.683000e+02 +3.067200e-01 +1.607158e-10 +4.937903e-11 +1.917300e-12 +4.654172e-11 +4.713323e+02
+3.300000e+05 +1.000000e-11 +1.000000e-11 +4.000000e-08 +4.000000e-08 +6.720000e+12 +3.490000e+10 +7.113900e+12 +3.3610e+09 +3.974000e+03 +2.412200e+03 +2.683000e+02 +3.149900e-01 +1.628092e-10 +4.995564e-11 +1.954348e-12 +4.691446e-11 +4.711012e+02
+3.290000e+05 +1.000000e-11 +1.000000e-11 +4.000000e-08 +4.000000e-08 +6.890000e+12 +3.740000e+10 +7.301400e+12 +3.3870e+09 +3.972800e+03 +2.404200e+03 +2.683000e+02 +3.232700e-01 +1.648702e-10 +5.051534e-11 +1.991179e-12 +4.726716e-11 +4.708859e+02
+3.280000e+05 +1.000000e-11 +1.000000e-11 +4.000000e-08 +4.000000e-08 +7.060000e+12 +4.000000e+10 +7.489000e+12 +3.4138e+09 +3.971600e+03 +2.395900e+03 +2.683000e+02 +3.305700e-01 +1.666556e-10 +5.098231e-11 +2.024774e-12 +4.752925e-11 +4.706766e+02
+3.270000e+05 +1.000000e-11 +1.000000e-11 +4.000000e-08 +4.000000e-08 +7.240000e+12 +4.270000e+10 +7.688700e+12 +3.4413e+09 +3.970300e+03 +2.387300e+03 +2.683000e+02 +3.388700e-01 +1.686628e-10 +5.150989e-11 +2.061188e-12 +4.784408e-11 +4.704458e+02
+3.260000e+05 +1.000000e-11 +1.000000e-11 +4.000000e-08 +4.000000e-08 +7.420000e+12 +4.550000e+10 +7.888500e+12 +3.4693e+09 +3.969000e+03 +2.378400e+03 +2.683000e+02 +3.481900e-01 +1.708934e-10 +5.209670e-11 +2.100425e-12 +4.820971e-11 +4.702222e+02
+3.250000e+05 +1.000000e-11 +1.000000e-11 +4.000000e-08 +4.000000e-08 +7.600000e+12 +4.850000e+10 +8.089500e+12 +3.4976e+09 +3.967600e+03 +2.369100e+03 +2.683000e+02 +3.565300e-01 +1.728483e-10 +5.258935e-11 +2.136313e-12 +4.848407e-11 +4.699810e+02
+3.240000e+05 +1.000000e-11 +1.000000e-11 +4.000000e-08 +4.000000e-08 +7.790000e+12 +5.150000e+10 +8.299500e+12 +3.5267e+09 +3.966100e+03 +2.359600e+03 +2.683000e+02 +3.658800e-01 +1.750137e-10 +5.314011e-11 +2.175002e-12 +4.880793e-11 +4.697851e+02
+3.230000e+05 +1.000000e-11 +1.000000e-11 +4.000000e-08 +4.000000e-08 +7.980000e+12 +5.470000e+10 +8.512700e+12 +3.5565e+09 +3.964600e+03 +2.349700e+03 +2.683000e+02 +3.752400e-01 +1.771507e-10 +5.367014e-11 +2.213300e-12 +4.910850e-11 +4.695346e+02
+3.220000e+05 +1.000000e-11 +1.000000e-11 +4.000000e-08 +4.000000e-08 +8.170000e+12 +5.800000e+10 +8.725000e+12 +3.5867e+09 +3.963000e+03 +2.339500e+03 +2.683000e+02 +3.846200e-01 +1.792568e-10 +5.418204e-11 +2.251299e-12 +4.938831e-11 +4.693104e+02
+3.210000e+05 +1.000000e-11 +1.000000e-11 +4.000000e-08 +4.000000e-08 +8.370000e+12 +6.140000e+10 +8.947400e+12 +3.6169e+09 +3.961400e+03 +2.328900e+03 +2.683000e+02 +3.940100e-01 +1.813361e-10 +5.467319e-11 +2.288878e-12 +4.964513e-11 +4.691068e+02
+3.200000e+05 +1.000000e-11 +1.000000e-11 +4.000000e-08 +4.000000e-08 +8.570000e+12 +6.500000e+10 +9.172000e+12 +3.6466e+09 +3.959600e+03 +2.318000e+03 +2.683000e+02 +4.034200e-01 +1.833800e-10 +5.514576e-11 +2.326114e-12 +4.988107e-11 +4.688710e+02
+3.190000e+05 +1.000000e-11 +1.000000e-11 +4.000000e-08 +4.000000e-08 +8.780000e+12 +6.870000e+10 +9.407700e+12 +3.6753e+09 +3.957800e+03 +2.306700e+03 +2.683000e+02 +4.138400e-01 +1.856230e-10 +5.566482e-11 +2.365757e-12 +5.015489e-11 +4.686400e+02
+3.180000e+05 +1.000000e-11 +1.000000e-11 +4.000000e-08 +4.000000e-08 +9.000000e+12 +7.260000e+10 +9.653600e+12 +3.7033e+09 +3.955900e+03 +2.295000e+03 +2.683000e+02 +4.242800e-01 +1.878320e-10 +5.616117e-11 +2.404896e-12 +5.040394e-11 +4.684263e+02
+3.170000e+05 +1.000000e-11 +1.000000e-11 +4.000000e-08 +4.000000e-08 +9.210000e+12 +7.660000e+10 +9.891600e+12 +3.7314e+09 +3.953900e+03 +2.283000e+03 +2.683000e+02 +4.347400e-01 +1.900078e-10 +5.663723e-11 +2.443616e-12 +5.063055e-11 +4.681750e+02
+3.160000e+05 +1.000000e-11 +1.000000e-11 +4.000000e-08 +4.000000e-08 +9.440000e+12 +8.080000e+10 +1.014780e+13 +3.7608e+09 +3.951900e+03 +2.270500e+03 +2.683000e+02 +4.452200e-01 +1.921575e-10 +5.708844e-11 +2.481704e-12 +5.083082e-11 +4.679856e+02
+3.150000e+05 +1.000000e-11 +1.000000e-11 +4.000000e-08 +4.000000e-08 +9.660000e+12 +8.510000e+10 +1.039810e+13 +3.7923e+09 +3.949700e+03 +2.257700e+03 +2.683000e+02 +4.567100e-01 +1.944798e-10 +5.758128e-11 +2.522053e-12 +5.106388e-11 +4.677298e+02
+3.140000e+05 +1.000000e-11 +1.000000e-11 +4.000000e-08 +4.000000e-08 +9.900000e+12 +8.970000e+10 +1.066670e+13 +3.8274e+09 +3.947500e+03 +2.244500e+03 +2.683000e+02 +4.672000e-01 +1.965577e-10 +5.798635e-11 +2.558997e-12 +5.121493e-11 +4.675308e+02
+3.130000e+05 +1.000000e-11 +1.000000e-11 +4.000000e-08 +4.000000e-08 +1.010000e+13 +9.430000e+10 +1.089830e+13 +3.8659e+09 +3.945100e+03 +2.230900e+03 +2.683000e+02 +4.788000e-01 +1.988250e-10 +5.843455e-11 +2.598275e-12 +5.139998e-11 +4.672481e+02
+3.120000e+05 +1.000000e-11 +1.000000e-11 +4.000000e-08 +4.000000e-08 +1.040000e+13 +9.920000e+10 +1.123120e+13 +3.9060e+09 +3.942700e+03 +2.216900e+03 +2.683000e+02 +4.913000e-01 +2.012437e-10 +5.891076e-11 +2.639255e-12 +5.160524e-11 +4.670822e+02
+3.110000e+05 +1.000000e-11 +1.000000e-11 +4.000000e-08 +4.000000e-08 +1.060000e+13 +1.040000e+11 +1.146300e+13 +3.9459e+09 +3.940100e+03 +2.202500e+03 +2.683000e+02 +5.029000e-01 +2.034304e-10 +5.930522e-11 +2.677017e-12 +5.173456e-11 +4.668168e+02
+3.100000e+05 +1.000000e-11 +1.000000e-11 +4.000000e-08 +4.000000e-08 +1.090000e+13 +1.100000e+11 +1.179800e+13 +3.9839e+09 +3.937400e+03 +2.187700e+03 +2.683000e+02 +5.155000e-01 +2.057790e-10 +5.973120e-11 +2.716634e-12 +5.188716e-11 +4.666242e+02
+3.090000e+05 +1.000000e-11 +1.000000e-11 +4.000000e-08 +4.000000e-08 +1.110000e+13 +1.150000e+11 +1.203300e+13 +4.0196e+09 +3.934600e+03 +2.172400e+03 +2.683000e+02 +5.281000e-01 +2.080854e-10 +6.012599e-11 +2.755269e-12 +5.200835e-11 +4.663369e+02
+3.080000e+05 +1.000000e-11 +1.000000e-11 +4.000000e-08 +4.000000e-08 +1.140000e+13 +1.210000e+11 +1.237000e+13 +4.0544e+09 +3.931700e+03 +2.156800e+03 +2.683000e+02 +5.408000e-01 +2.103701e-10 +6.050068e-11 +2.793405e-12 +5.210793e-11 +4.661423e+02
+3.070000e+05 +1.000000e-11 +1.000000e-11 +4.000000e-08 +4.000000e-08 +1.170000e+13 +1.260000e+11 +1.270700e+13 +4.0893e+09 +3.928700e+03 +2.140700e+03 +2.683000e+02 +5.534000e-01 +2.125947e-10 +6.083842e-11 +2.830243e-12 +5.217159e-11 +4.659752e+02
+3.060000e+05 +1.000000e-11 +1.000000e-11 +4.000000e-08 +4.000000e-08 +1.200000e+13 +1.330000e+11 +1.304800e+13 +4.1253e+09 +3.925500e+03 +2.124200e+03 +2.683000e+02 +5.682000e-01 +2.151898e-10 +6.126588e-11 +2.871684e-12 +5.230779e-11 +4.657379e+02
+3.050000e+05 +1.000000e-11 +1.000000e-11 +4.000000e-08 +4.000000e-08 +1.230000e+13 +1.430000e+11 +1.339900e+13 +4.1632e+09 +3.922200e+03 +2.107300e+03 +2.683000e+02 +5.844000e-01 +2.179965e-10 +6.173445e-11 +2.915533e-12 +5.247410e-11 +4.653532e+02
+3.040000e+05 +1.000000e-11 +1.000000e-11 +4.000000e-08 +4.000000e-08 +1.260000e+13 +1.540000e+11 +1.375300e+13 +4.2047e+09 +3.918700e+03 +2.090000e+03 +2.683000e+02 +6.006000e-01 +2.207401e-10 +6.216684e-11 +2.958161e-12 +5.260454e-11 +4.649410e+02
+3.030000e+05 +1.000000e-11 +1.000000e-11 +4.000000e-08 +4.000000e-08 +1.300000e+13 +1.650000e+11 +1.420800e+13 +4.2491e+09 +3.915100e+03 +2.072200e+03 +2.683000e+02 +6.179000e-01 +2.236283e-10 +6.261643e-11 +3.002093e-12 +5.274435e-11 +4.646568e+02
+3.020000e+05 +1.000000e-11 +1.000000e-11 +4.000000e-08 +4.000000e-08 +1.330000e+13 +1.770000e+11 +1.456600e+13 +4.2946e+09 +3.911300e+03 +2.054100e+03 +2.683000e+02 +6.352000e-01 +2.264501e-10 +6.303083e-11 +3.044820e-12 +5.284930e-11 +4.642310e+02
+3.010000e+05 +1.000000e-11 +1.000000e-11 +4.000000e-08 +4.000000e-08 +1.370000e+13 +1.900000e+11 +1.502600e+13 +4.3390e+09 +3.907400e+03 +2.035500e+03 +2.683000e+02 +6.526000e-01 +2.292321e-10 +6.340945e-11 +3.086283e-12 +5.291919e-11 +4.639077e+02
+3.000000e+05 +1.000000e-11 +1.000000e-11 +4.000000e-08 +4.000000e-08 +1.400000e+13 +2.030000e+11 +1.538900e+13 +4.3804e+09 +3.903300e+03 +2.016500e+03 +2.683000e+02 +6.711000e-01 +2.321403e-10 +6.380225e-11 +3.128895e-12 +5.299580e-11 +4.634626e+02
+2.990000e+05 +1.000000e-11 +1.000000e-11 +4.000000e-08 +4.000000e-08 +1.440000e+13 +2.160000e+11 +1.585200e+13 +4.4192e+09 +3.899000e+03 +1.997100e+03 +2.683000e+02 +6.907000e-01 +2.351673e-10 +6.420597e-11 +3.172517e-12 +5.307614e-11 +4.631523e+02
+2.980000e+05 +1.000000e-11 +1.000000e-11 +4.000000e-08 +4.000000e-08 +1.480000e+13 +2.300000e+11 +1.631900e+13 +4.4578e+09 +3.894600e+03 +1.977400e+03 +2.683000e+02 +7.093000e-01 +2.379618e-10 +6.452570e-11 +3.212439e-12 +5.308187e-11 +4.628118e+02
+2.970000e+05 +1.000000e-11 +1.000000e-11 +4.000000e-08 +4.000000e-08 +1.520000e+13 +2.450000e+11 +1.678900e+13 +4.4971e+09 +3.889900e+03 +1.957200e+03 +2.683000e+02 +7.290000e-01 +2.408638e-10 +6.485058e-11 +3.253044e-12 +5.308682e-11 +4.624527e+02
+2.960000e+05 +1.000000e-11 +1.000000e-11 +4.000000e-08 +4.000000e-08 +1.560000e+13 +2.600000e+11 +1.726200e+13 +4.5378e+09 +3.885100e+03 +1.936600e+03 +2.683000e+02 +7.497000e-01 +2.438663e-10 +6.517734e-11 +3.294177e-12 +5.308816e-11 +4.620890e+02
+2.950000e+05 +1.000000e-11 +1.000000e-11 +4.000000e-08 +4.000000e-08 +1.600000e+13 +2.770000e+11 +1.773700e+13 +4.5808e+09 +3.880000e+03 +1.915700e+03 +2.683000e+02 +7.696000e-01 +2.466585e-10 +6.542913e-11 +3.331929e-12 +5.302341e-11 +4.617059e+02
+2.940000e+05 +1.000000e-11 +1.000000e-11 +4.000000e-08 +4.000000e-08 +1.640000e+13 +2.930000e+11 +1.821500e+13 +4.6287e+09 +3.874700e+03 +1.894400e+03 +2.683000e+02 +7.915000e-01 +2.496976e-10 +6.572192e-11 +3.372169e-12 +5.298688e-11 +4.613317e+02
+2.930000e+05 +1.000000e-11 +1.000000e-11 +4.000000e-08 +4.000000e-08 +1.680000e+13 +3.110000e+11 +1.869700e+13 +4.6817e+09 +3.869200e+03 +1.872700e+03 +2.683000e+02 +8.125000e-01 +2.525198e-10 +6.593245e-11 +3.408577e-12 +5.287904e-11 +4.609251e+02
+2.920000e+05 +1.000000e-11 +1.000000e-11 +4.000000e-08 +4.000000e-08 +1.720000e+13 +3.290000e+11 +1.918400e+13 +4.7366e+09 +3.863500e+03 +1.850700e+03 +2.683000e+02 +8.346000e-01 +2.554392e-10 +6.614630e-11 +3.445518e-12 +5.276906e-11 +4.605033e+02
+2.910000e+05 +1.000000e-11 +1.000000e-11 +4.000000e-08 +4.000000e-08 +1.770000e+13 +3.480000e+11 +1.976800e+13 +4.7905e+09 +3.857500e+03 +1.828400e+03 +2.683000e+02 +8.577000e-01 +2.584254e-10 +6.635627e-11 +3.482621e-12 +5.265105e-11 +4.602179e+02
+2.900000e+05 +1.000000e-11 +1.000000e-11 +4.000000e-08 +4.000000e-08 +1.810000e+13 +3.680000e+11 +2.025500e+13 +4.8402e+09 +3.851300e+03 +1.805800e+03 +2.683000e+02 +8.810000e-01 +2.613628e-10 +6.653022e-11 +3.518186e-12 +5.249954e-11 +4.598167e+02
+2.890000e+05 +1.000000e-11 +1.000000e-11 +4.000000e-08 +4.000000e-08 +1.860000e+13 +3.890000e+11 +2.085400e+13 +4.8877e+09 +3.844900e+03 +1.782800e+03 +2.683000e+02 +9.043000e-01 +2.642223e-10 +6.665683e-11 +3.551570e-12 +5.230596e-11 +4.594470e+02
+2.880000e+05 +1.000000e-11 +1.000000e-11 +4.000000e-08 +4.000000e-08 +1.910000e+13 +4.100000e+11 +2.144400e+13 +4.9369e+09 +3.838100e+03 +1.759600e+03 +2.683000e+02 +9.288000e-01 +2.671598e-10 +6.678593e-11 +3.585393e-12 +5.210968e-11 +4.591565e+02
+2.870000e+05 +1.000000e-11 +1.000000e-11 +4.000000e-08 +4.000000e-08 +1.960000e+13 +4.330000e+11 +2.204600e+13 +4.9875e+09 +3.831100e+03 +1.736100e+03 +2.683000e+02 +9.534000e-01 +2.700306e-10 +6.687340e-11 +3.617276e-12 +5.187628e-11 +4.587889e+02
+2.860000e+05 +1.000000e-11 +1.000000e-11 +4.000000e-08 +4.000000e-08 +2.010000e+13 +4.560000e+11 +2.265000e+13 +5.0391e+09 +3.823800e+03 +1.712300e+03 +2.683000e+02 +9.790000e-01 +2.729517e-10 +6.694955e-11 +3.648822e-12 +5.162955e-11 +4.584296e+02
+2.850000e+05 +1.000000e-11 +1.000000e-11 +4.000000e-08 +4.000000e-08 +2.060000e+13 +4.800000e+11 +2.325600e+13 +5.0917e+09 +3.816200e+03 +1.688300e+03 +2.683000e+02 +1.005800e+00 +2.759451e-10 +6.702269e-11 +3.680475e-12 +5.137588e-11 +4.580692e+02
+2.840000e+05 +1.000000e-11 +1.000000e-11 +4.000000e-08 +4.000000e-08 +2.110000e+13 +5.060000e+11 +2.387500e+13 +5.1473e+09 +3.808200e+03 +1.664100e+03 +2.683000e+02 +1.031700e+00 +2.787110e-10 +6.702152e-11 +3.708290e-12 +5.106081e-11 +4.576375e+02
+2.830000e+05 +1.000000e-11 +1.000000e-11 +4.000000e-08 +4.000000e-08 +2.160000e+13 +5.320000e+11 +2.448500e+13 +5.2072e+09 +3.800000e+03 +1.639700e+03 +2.683000e+02 +1.059700e+00 +2.816743e-10 +6.704477e-11 +3.737679e-12 +5.076002e-11 +4.572780e+02
+2.820000e+05 +1.000000e-11 +1.000000e-11 +4.000000e-08 +4.000000e-08 +2.220000e+13 +5.590000e+11 +2.520700e+13 +5.2695e+09 +3.791400e+03 +1.615100e+03 +2.683000e+02 +1.083800e+00 +2.840182e-10 +6.690164e-11 +3.757958e-12 +5.032945e-11 +4.569572e+02
+2.810000e+05 +1.000000e-11 +1.000000e-11 +4.000000e-08 +4.000000e-08 +2.270000e+13 +5.880000e+11 +2.583300e+13 +5.3323e+09 +3.782500e+03 +1.590400e+03 +2.683000e+02 +1.117000e+00 +2.874526e-10 +6.699714e-11 +3.791838e-12 +5.007412e-11 +4.565279e+02
+2.800000e+05 +1.000000e-11 +1.000000e-11 +4.000000e-08 +4.000000e-08 +2.330000e+13 +6.170000e+11 +2.655700e+13 +5.3937e+09 +3.773200e+03 +1.565500e+03 +2.683000e+02 +1.150400e+00 +2.907830e-10 +6.704483e-11 +3.823293e-12 +4.977767e-11 +4.562201e+02
+2.790000e+05 +1.000000e-11 +1.000000e-11 +4.000000e-08 +4.000000e-08 +2.390000e+13 +6.520000e+11 +2.730200e+13 +5.4543e+09 +3.763500e+03 +1.540500e+03 +2.683000e+02 +1.174400e+00 +2.928152e-10 +6.677694e-11 +3.836877e-12 +4.924319e-11 +4.557838e+02
+2.780000e+05 +1.000000e-11 +1.000000e-11 +4.000000e-08 +4.000000e-08 +2.460000e+13 +7.010000e+11 +2.818100e+13 +5.5162e+09 +3.753500e+03 +1.515400e+03 +2.683000e+02 +1.220000e+00 +2.974114e-10 +6.707206e-11 +3.883046e-12 +4.911876e-11 +4.552017e+02
+2.770000e+05 +1.000000e-11 +1.000000e-11 +4.000000e-08 +4.000000e-08 +2.530000e+13 +7.520000e+11 +2.906200e+13 +5.5801e+09 +3.743100e+03 +1.490300e+03 +2.683000e+02 +1.255800e+00 +3.006529e-10 +6.704273e-11 +3.910772e-12 +4.875023e-11 +4.546343e+02
+2.760000e+05 +1.000000e-11 +1.000000e-11 +4.000000e-08 +4.000000e-08 +2.610000e+13 +8.070000e+11 +3.006700e+13 +5.6465e+09 +3.732200e+03 +1.465100e+03 +2.683000e+02 +1.292000e+00 +3.037971e-10 +6.697341e-11 +3.936349e-12 +4.834782e-11 +4.540586e+02
+2.750000e+05 +1.000000e-11 +1.000000e-11 +4.000000e-08 +4.000000e-08 +2.680000e+13 +8.630000e+11 +3.095300e+13 +5.7159e+09 +3.721000e+03 +1.439800e+03 +2.683000e+02 +1.338500e+00 +3.080053e-10 +6.711381e-11 +3.974511e-12 +4.809096e-11 +4.535094e+02
+2.740000e+05 +1.000000e-11 +1.000000e-11 +4.000000e-08 +4.000000e-08 +2.760000e+13 +9.230000e+11 +3.197300e+13 +5.7887e+09 +3.709300e+03 +1.414600e+03 +2.683000e+02 +1.385000e+00 +3.120248e-10 +6.719852e-11 +4.009708e-12 +4.778734e-11 +4.529168e+02
+2.730000e+05 +1.000000e-11 +1.000000e-11 +4.000000e-08 +4.000000e-08 +2.840000e+13 +9.860000e+11 +3.298600e+13 +5.8645e+09 +3.697100e+03 +1.389400e+03 +2.683000e+02 +1.422000e+00 +3.148088e-10 +6.700134e-11 +4.028266e-12 +4.727807e-11 +4.523715e+02
+2.720000e+05 +1.000000e-11 +1.000000e-11 +4.000000e-08 +4.000000e-08 +2.920000e+13 +1.050000e+12 +3.401000e+13 +5.9427e+09 +3.684500e+03 +1.364200e+03 +2.683000e+02 +1.470000e+00 +3.186551e-10 +6.701272e-11 +4.059513e-12 +4.691102e-11 +4.518146e+02
+2.710000e+05 +1.000000e-11 +1.000000e-11 +4.000000e-08 +4.000000e-08 +3.010000e+13 +1.120000e+12 +3.515000e+13 +6.0231e+09 +3.671500e+03 +1.339100e+03 +2.683000e+02 +1.518000e+00 +3.223257e-10 +6.697196e-11 +4.087825e-12 +4.650151e-11 +4.512822e+02
+2.700000e+05 +1.000000e-11 +1.000000e-11 +4.000000e-08 +4.000000e-08 +3.090000e+13 +1.190000e+12 +3.619000e+13 +6.1053e+09 +3.657900e+03 +1.314100e+03 +2.683000e+02 +1.566000e+00 +3.258004e-10 +6.687980e-11 +4.113177e-12 +4.605076e-11 +4.507068e+02
+2.690000e+05 +1.000000e-11 +1.000000e-11 +4.000000e-08 +4.000000e-08 +3.180000e+13 +1.270000e+12 +3.735000e+13 +6.1876e+09 +3.643800e+03 +1.289200e+03 +2.683000e+02 +1.615000e+00 +3.291949e-10 +6.675918e-11 +4.136918e-12 +4.557519e-11 +4.501260e+02
+2.680000e+05 +1.000000e-11 +1.000000e-11 +4.000000e-08 +4.000000e-08 +3.270000e+13 +1.350000e+12 +3.852000e+13 +6.2697e+09 +3.629200e+03 +1.264500e+03 +2.683000e+02 +1.664000e+00 +3.324054e-10 +6.659498e-11 +4.158067e-12 +4.506494e-11 +4.495510e+02
+2.670000e+05 +1.000000e-11 +1.000000e-11 +4.000000e-08 +4.000000e-08 +3.360000e+13 +1.430000e+12 +3.969000e+13 +6.3529e+09 +3.614100e+03 +1.239800e+03 +2.683000e+02 +1.713000e+00 +3.354340e-10 +6.637833e-11 +4.176004e-12 +4.451472e-11 +4.490120e+02
+2.660000e+05 +1.000000e-11 +1.000000e-11 +4.000000e-08 +4.000000e-08 +3.450000e+13 +1.520000e+12 +4.088000e+13 +6.4384e+09 +3.598500e+03 +1.215400e+03 +2.683000e+02 +1.763000e+00 +3.383786e-10 +6.614553e-11 +4.192955e-12 +4.394951e-11 +4.484011e+02
+2.650000e+05 +1.000000e-11 +1.000000e-11 +4.000000e-08 +4.000000e-08 +3.540000e+13 +1.610000e+12 +4.208000e+13 +6.5277e+09 +3.582300e+03 +1.191200e+03 +2.683000e+02 +1.823000e+00 +3.420683e-10 +6.605388e-11 +4.218944e-12 +4.347304e-11 +4.477992e+02
+2.640000e+05 +1.000000e-11 +1.000000e-11 +4.000000e-08 +4.000000e-08 +3.640000e+13 +1.700000e+12 +4.339000e+13 +6.6197e+09 +3.565500e+03 +1.167100e+03 +2.683000e+02 +1.874000e+00 +3.446991e-10 +6.574837e-11 +4.231328e-12 +4.285113e-11 +4.472781e+02
+2.630000e+05 +1.000000e-11 +1.000000e-11 +4.000000e-08 +4.000000e-08 +3.740000e+13 +1.800000e+12 +4.471000e+13 +6.7131e+09 +3.548200e+03 +1.143300e+03 +2.683000e+02 +1.935000e+00 +3.480481e-10 +6.558064e-11 +4.252596e-12 +4.231472e-11 +4.467211e+02
+2.620000e+05 +1.000000e-11 +1.000000e-11 +4.000000e-08 +4.000000e-08 +3.840000e+13 +1.900000e+12 +4.605000e+13 +6.8087e+09 +3.530200e+03 +1.119800e+03 +2.683000e+02 +1.987000e+00 +3.503606e-10 +6.522307e-11 +4.261546e-12 +4.165180e-11 +4.461486e+02
+2.610000e+05 +1.000000e-11 +1.000000e-11 +4.000000e-08 +4.000000e-08 +3.940000e+13 +2.010000e+12 +4.740000e+13 +6.9072e+09 +3.511600e+03 +1.096500e+03 +2.683000e+02 +2.049000e+00 +3.533404e-10 +6.498853e-11 +4.278492e-12 +4.106380e-11 +4.455469e+02
+2.600000e+05 +1.000000e-11 +1.000000e-11 +4.000000e-08 +4.000000e-08 +4.050000e+13 +2.120000e+12 +4.886000e+13 +7.0095e+09 +3.492500e+03 +1.073500e+03 +2.683000e+02 +2.112000e+00 +3.561871e-10 +6.473126e-11 +4.293948e-12 +4.045706e-11 +4.450253e+02
+2.590000e+05 +1.000000e-11 +1.000000e-11 +4.000000e-08 +4.000000e-08 +4.150000e+13 +2.240000e+12 +5.024000e+13 +7.1129e+09 +3.472700e+03 +1.050800e+03 +2.683000e+02 +2.175000e+00 +3.587886e-10 +6.443597e-11 +4.306857e-12 +3.982257e-11 +4.443882e+02
+2.580000e+05 +1.000000e-11 +1.000000e-11 +4.000000e-08 +4.000000e-08 +4.260000e+13 +2.360000e+12 +5.173000e+13 +7.2154e+09 +3.452200e+03 +1.028400e+03 +2.683000e+02 +2.239000e+00 +3.612272e-10 +6.411911e-11 +4.318268e-12 +3.917112e-11 +4.438319e+02
+2.570000e+05 +1.000000e-11 +1.000000e-11 +4.000000e-08 +4.000000e-08 +4.370000e+13 +2.490000e+12 +5.324000e+13 +7.3191e+09 +3.431100e+03 +1.006300e+03 +2.683000e+02 +2.304000e+00 +3.635130e-10 +6.378186e-11 +4.328226e-12 +3.850388e-11 +4.432331e+02
+2.560000e+05 +1.000000e-11 +1.000000e-11 +4.000000e-08 +4.000000e-08 +4.490000e+13 +2.620000e+12 +5.486000e+13 +7.4257e+09 +3.409400e+03 +9.846000e+02 +2.683000e+02 +2.369000e+00 +3.655657e-10 +6.341787e-11 +4.336265e-12 +3.781752e-11 +4.427131e+02
+2.550000e+05 +1.000000e-11 +1.000000e-11 +4.000000e-08 +4.000000e-08 +4.600000e+13 +2.760000e+12 +5.640000e+13 +7.5373e+09 +3.386900e+03 +9.633000e+02 +2.683000e+02 +2.445000e+00 +3.681881e-10 +6.317054e-11 +4.352219e-12 +3.719707e-11 +4.420920e+02
+2.540000e+05 +1.000000e-11 +1.000000e-11 +4.000000e-08 +4.000000e-08 +4.750000e+13 +2.960000e+12 +5.846000e+13 +7.6546e+09 +3.363800e+03 +9.423000e+02 +2.683000e+02 +2.527000e+00 +3.709831e-10 +6.295948e-11 +4.370691e-12 +3.659320e-11 +4.413453e+02
+2.530000e+05 +1.000000e-11 +1.000000e-11 +4.000000e-08 +4.000000e-08 +4.900000e+13 +3.180000e+12 +6.056000e+13 +7.7764e+09 +3.340000e+03 +9.216000e+02 +2.683000e+02 +2.632000e+00 +3.751200e-10 +6.298226e-11 +4.405556e-12 +3.611836e-11 +4.405240e+02
+2.520000e+05 +1.000000e-11 +1.000000e-11 +4.000000e-08 +4.000000e-08 +5.060000e+13 +3.410000e+12 +6.279000e+13 +7.9019e+09 +3.315500e+03 +9.014000e+02 +2.683000e+02 +2.729000e+00 +3.783175e-10 +6.286713e-11 +4.430986e-12 +3.555678e-11 +4.397427e+02
+2.510000e+05 +1.000000e-11 +1.000000e-11 +4.000000e-08 +4.000000e-08 +5.220000e+13 +3.650000e+12 +6.505000e+13 +8.0305e+09 +3.290300e+03 +8.815000e+02 +2.683000e+02 +2.827000e+00 +3.812356e-10 +6.271467e-11 +4.453905e-12 +3.496775e-11 +4.389444e+02
+2.500000e+05 +1.000000e-11 +1.000000e-11 +4.000000e-08 +4.000000e-08 +5.390000e+13 +3.910000e+12 +6.745000e+13 +8.1614e+09 +3.264400e+03 +8.621000e+02 +2.683000e+02 +2.936000e+00 +3.845295e-10 +6.264802e-11 +4.483063e-12 +3.441985e-11 +4.381476e+02
+2.490000e+05 +1.000000e-11 +1.000000e-11 +4.000000e-08 +4.000000e-08 +5.550000e+13 +4.180000e+12 +6.977000e+13 +8.2930e+09 +3.237800e+03 +8.430000e+02 +2.683000e+02 +3.047000e+00 +3.875705e-10 +6.255057e-11 +4.510196e-12 +3.384785e-11 +4.373004e+02
+2.480000e+05 +1.000000e-11 +1.000000e-11 +4.000000e-08 +4.000000e-08 +5.730000e+13 +4.470000e+12 +7.233000e+13 +8.4256e+09 +3.210500e+03 +8.244000e+02 +2.683000e+02 +3.149000e+00 +3.896744e-10 +6.232977e-11 +4.528527e-12 +3.320324e-11 +4.365181e+02
+2.470000e+05 +1.000000e-11 +1.000000e-11 +4.000000e-08 +4.000000e-08 +5.900000e+13 +4.770000e+12 +7.482000e+13 +8.5613e+09 +3.182500e+03 +8.061000e+02 +2.683000e+02 +3.274000e+00 +3.928170e-10 +6.228893e-11 +4.560060e-12 +3.264820e-11 +4.356779e+02
+2.460000e+05 +1.000000e-11 +1.000000e-11 +4.000000e-08 +4.000000e-08 +6.080000e+13 +5.090000e+12 +7.746000e+13 +8.7021e+09 +3.153800e+03 +7.883000e+02 +2.683000e+02 +3.390000e+00 +3.950177e-10 +6.212878e-11 +4.583017e-12 +3.202385e-11 +4.348423e+02
+2.450000e+05 +1.000000e-11 +1.000000e-11 +4.000000e-08 +4.000000e-08 +6.260000e+13 +5.420000e+12 +8.011000e+13 +8.8500e+09 +3.124300e+03 +7.709000e+02 +2.683000e+02 +3.508000e+00 +3.969358e-10 +6.195135e-11 +4.604783e-12 +3.138511e-11 +4.340327e+02
+2.440000e+05 +1.000000e-11 +1.000000e-11 +4.000000e-08 +4.000000e-08 +6.440000e+13 +5.770000e+12 +8.281000e+13 +9.0068e+09 +3.094200e+03 +7.539000e+02 +2.683000e+02 +3.637000e+00 +3.990943e-10 +6.183585e-11 +4.631262e-12 +3.077197e-11 +4.331819e+02
+2.430000e+05 +1.000000e-11 +1.000000e-11 +4.000000e-08 +4.000000e-08 +6.630000e+13 +6.130000e+12 +8.564000e+13 +9.1714e+09 +3.063400e+03 +7.373000e+02 +2.683000e+02 +3.759000e+00 +4.004702e-10 +6.162727e-11 +4.650862e-12 +3.010715e-11 +4.323870e+02
+2.420000e+05 +1.000000e-11 +1.000000e-11 +4.000000e-08 +4.000000e-08 +6.830000e+13 +6.520000e+12 +8.863000e+13 +9.3424e+09 +3.031800e+03 +7.212000e+02 +2.682000e+02 +3.893000e+00 +4.020681e-10 +6.149337e-11 +4.676180e-12 +2.947380e-11 +4.314964e+02
+2.410000e+05 +1.000000e-11 +1.000000e-11 +4.000000e-08 +4.000000e-08 +7.020000e+13 +6.920000e+12 +9.155000e+13 +9.5181e+09 +2.999600e+03 +7.055000e+02 +2.682000e+02 +4.029000e+00 +4.033708e-10 +6.134397e-11 +4.700434e-12 +2.882762e-11 +4.306488e+02
+2.400000e+05 +1.000000e-11 +1.000000e-11 +4.000000e-08 +4.000000e-08 +7.220000e+13 +7.350000e+12 +9.462000e+13 +9.6970e+09 +2.966800e+03 +6.902000e+02 +2.682000e+02 +4.177000e+00 +4.048616e-10 +6.125424e-11 +4.729402e-12 +2.820387e-11 +4.298053e+02
+2.390000e+05 +1.000000e-11 +1.000000e-11 +4.000000e-08 +4.000000e-08 +7.430000e+13 +7.790000e+12 +9.783000e+13 +9.8776e+09 +2.933200e+03 +6.753000e+02 +2.682000e+02 +4.318000e+00 +4.055649e-10 +6.108242e-11 +4.752162e-12 +2.753716e-11 +4.290129e+02
+2.380000e+05 +1.000000e-11 +1.000000e-11 +4.000000e-08 +4.000000e-08 +7.630000e+13 +8.260000e+12 +1.009500e+14 +1.0061e+10 +2.899000e+03 +6.608000e+02 +2.682000e+02 +4.471000e+00 +4.064194e-10 +6.096824e-11 +4.779521e-12 +2.689175e-11 +4.281722e+02
+2.370000e+05 +1.000000e-11 +1.000000e-11 +4.000000e-08 +4.000000e-08 +7.850000e+13 +8.750000e+12 +1.044100e+14 +1.0250e+10 +2.864200e+03 +6.467000e+02 +2.682000e+02 +4.617000e+00 +4.065439e-10 +6.078121e-11 +4.801275e-12 +2.620997e-11 +4.273315e+02
+2.360000e+05 +1.000000e-11 +1.000000e-11 +4.000000e-08 +4.000000e-08 +8.060000e+13 +9.260000e+12 +1.077100e+14 +1.0448e+10 +2.828800e+03 +6.330000e+02 +2.682000e+02 +4.780000e+00 +4.069987e-10 +6.068196e-11 +4.830080e-12 +2.556198e-11 +4.265208e+02
+2.350000e+05 +1.000000e-11 +1.000000e-11 +4.000000e-08 +4.000000e-08 +8.280000e+13 +9.800000e+12 +1.112500e+14 +1.0656e+10 +2.792800e+03 +6.197000e+02 +2.682000e+02 +4.940000e+00 +4.068962e-10 +6.053971e-11 +4.855604e-12 +2.489170e-11 +4.256598e+02
+2.340000e+05 +1.000000e-11 +1.000000e-11 +4.000000e-08 +4.000000e-08 +8.500000e+13 +1.040000e+13 +1.148600e+14 +1.0878e+10 +2.756200e+03 +6.068000e+02 +2.682000e+02 +5.110000e+00 +4.067749e-10 +6.043664e-11 +4.884412e-12 +2.423378e-11 +4.247235e+02
+2.330000e+05 +1.000000e-11 +1.000000e-11 +4.000000e-08 +4.000000e-08 +8.730000e+13 +1.090000e+13 +1.184800e+14 +1.1112e+10 +2.719100e+03 +5.944000e+02 +2.682000e+02 +5.280000e+00 +4.062375e-10 +6.032349e-11 +4.912567e-12 +2.356817e-11 +4.240859e+02
+2.320000e+05 +1.000000e-11 +1.000000e-11 +4.000000e-08 +4.000000e-08 +9.040000e+13 +1.180000e+13 +1.235700e+14 +1.1357e+10 +2.681500e+03 +5.822000e+02 +2.682000e+02 +5.510000e+00 +4.075182e-10 +6.050341e-11 +4.964923e-12 +2.301091e-11 +4.228653e+02
+2.310000e+05 +1.000000e-11 +1.000000e-11 +4.000000e-08 +4.000000e-08 +9.350000e+13 +1.270000e+13 +1.285800e+14 +1.1609e+10 +2.643300e+03 +5.705000e+02 +2.682000e+02 +5.760000e+00 +4.089315e-10 +6.076120e-11 +5.024242e-12 +2.247371e-11 +4.217965e+02
+2.300000e+05 +1.000000e-11 +1.000000e-11 +4.000000e-08 +4.000000e-08 +9.670000e+13 +1.360000e+13 +1.338100e+14 +1.1867e+10 +2.604700e+03 +5.591000e+02 +2.682000e+02 +6.010000e+00 +4.097691e-10 +6.096866e-11 +5.079993e-12 +2.190847e-11 +4.207875e+02
+2.290000e+05 +1.000000e-11 +1.000000e-11 +4.000000e-08 +4.000000e-08 +9.990000e+13 +1.460000e+13 +1.391500e+14 +1.2130e+10 +2.565700e+03 +5.481000e+02 +2.682000e+02 +6.270000e+00 +4.103795e-10 +6.119038e-11 +5.137509e-12 +2.133980e-11 +4.196918e+02
+2.280000e+05 +1.000000e-11 +1.000000e-11 +4.000000e-08 +4.000000e-08 +1.030000e+14 +1.560000e+13 +1.445100e+14 +1.2400e+10 +2.526200e+03 +5.375000e+02 +2.682000e+02 +6.550000e+00 +4.110354e-10 +6.147213e-11 +5.200696e-12 +2.078324e-11 +4.185918e+02
+2.270000e+05 +1.000000e-11 +1.000000e-11 +4.000000e-08 +4.000000e-08 +1.070000e+14 +1.670000e+13 +1.508000e+14 +1.2678e+10 +2.486400e+03 +5.272000e+02 +2.682000e+02 +6.820000e+00 +4.108190e-10 +6.166265e-11 +5.256779e-12 +2.018794e-11 +4.177729e+02
+2.260000e+05 +1.000000e-11 +1.000000e-11 +4.000000e-08 +4.000000e-08 +1.100000e+14 +1.790000e+13 +1.563000e+14 +1.2966e+10 +2.446300e+03 +5.172000e+02 +2.682000e+02 +7.120000e+00 +4.109447e-10 +6.194552e-11 +5.321358e-12 +1.961559e-11 +4.165013e+02
+2.250000e+05 +1.000000e-11 +1.000000e-11 +4.000000e-08 +4.000000e-08 +1.130000e+14 +1.910000e+13 +1.619000e+14 +1.3266e+10 +2.405800e+03 +5.076000e+02 +2.682000e+02 +7.420000e+00 +4.104723e-10 +6.219602e-11 +5.383822e-12 +1.902574e-11 +4.152868e+02
+2.240000e+05 +1.000000e-11 +1.000000e-11 +4.000000e-08 +4.000000e-08 +1.170000e+14 +2.040000e+13 +1.686000e+14 +1.3578e+10 +2.365100e+03 +4.983000e+02 +2.682000e+02 +7.720000e+00 +4.094684e-10 +6.240833e-11 +5.443608e-12 +1.841846e-11 +4.143579e+02
+2.230000e+05 +1.000000e-11 +1.000000e-11 +3.999000e-08 +3.999000e-08 +1.210000e+14 +2.180000e+13 +1.754000e+14 +1.3900e+10 +2.324200e+03 +4.894000e+02 +2.682000e+02 +8.050000e+00 +4.087173e-10 +6.271622e-11 +5.512399e-12 +1.783379e-11 +4.133848e+02
+2.220000e+05 +1.000000e-11 +1.000000e-11 +3.999000e-08 +3.999000e-08 +1.240000e+14 +2.320000e+13 +1.814000e+14 +1.4235e+10 +2.283000e+03 +4.807000e+02 +2.682000e+02 +8.370000e+00 +4.071469e-10 +6.293451e-11 +5.573996e-12 +1.721884e-11 +4.121205e+02
+2.210000e+05 +1.000000e-11 +1.000000e-11 +3.999000e-08 +3.999000e-08 +1.280000e+14 +2.470000e+13 +1.884000e+14 +1.4583e+10 +2.241800e+03 +4.723000e+02 +2.682000e+02 +8.710000e+00 +4.055797e-10 +6.319507e-11 +5.639990e-12 +1.661203e-11 +4.111672e+02
+2.200000e+05 +1.000000e-11 +1.000000e-11 +3.999000e-08 +3.999000e-08 +1.320000e+14 +2.630000e+13 +1.957000e+14 +1.4946e+10 +2.200400e+03 +4.643000e+02 +2.682000e+02 +9.080000e+00 +4.041529e-10 +6.354098e-11 +5.714348e-12 +1.602381e-11 +4.101259e+02
+2.190000e+05 +1.000000e-11 +1.000000e-11 +3.999000e-08 +3.999000e-08 +1.360000e+14 +2.800000e+13 +2.031000e+14 +1.5324e+10 +2.159000e+03 +4.565000e+02 +2.682000e+02 +9.440000e+00 +4.019980e-10 +6.380464e-11 +5.782062e-12 +1.541195e-11 +4.090676e+02
+2.180000e+05 +1.000000e-11 +1.000000e-11 +3.999000e-08 +3.999000e-08 +1.390000e+14 +2.980000e+13 +2.097000e+14 +1.5716e+10 +2.117500e+03 +4.490000e+02 +2.682000e+02 +9.820000e+00 +3.997546e-10 +6.410390e-11 +5.853731e-12 +1.480734e-11 +4.076959e+02
+2.170000e+05 +1.000000e-11 +1.000000e-11 +3.999000e-08 +3.999000e-08 +1.430000e+14 +3.170000e+13 +2.174000e+14 +1.6126e+10 +2.076000e+03 +4.418000e+02 +2.681000e+02 +1.021000e+01 +3.972215e-10 +6.440510e-11 +5.926337e-12 +1.420250e-11 +4.065255e+02
+2.160000e+05 +1.000000e-11 +1.000000e-11 +3.999000e-08 +3.999000e-08 +1.470000e+14 +3.360000e+13 +2.253000e+14 +1.6558e+10 +2.034600e+03 +4.348000e+02 +2.681000e+02 +1.063000e+01 +3.947935e-10 +6.475575e-11 +6.004295e-12 +1.360849e-11 +4.054691e+02
+2.150000e+05 +1.000000e-11 +1.000000e-11 +3.999000e-08 +3.999000e-08 +1.510000e+14 +3.570000e+13 +2.335000e+14 +1.7014e+10 +1.993400e+03 +4.281000e+02 +2.681000e+02 +1.104000e+01 +3.917360e-10 +6.504777e-11 +6.077619e-12 +1.300333e-11 +4.043083e+02
+2.140000e+05 +1.000000e-11 +1.000000e-11 +3.999000e-08 +3.999000e-08 +1.560000e+14 +3.790000e+13 +2.428000e+14 +1.7501e+10 +1.952200e+03 +4.216000e+02 +2.681000e+02 +1.148000e+01 +3.887258e-10 +6.538430e-11 +6.155899e-12 +1.240959e-11 +4.034074e+02
+2.130000e+05 +1.000000e-11 +1.000000e-11 +3.998000e-08 +3.998000e-08 +1.610000e+14 +4.070000e+13 +2.530000e+14 +1.8017e+10 +1.911200e+03 +4.154000e+02 +2.681000e+02 +1.206000e+01 +3.875398e-10 +6.607928e-11 +6.269020e-12 +1.188362e-11 +4.020851e+02
+2.120000e+05 +1.000000e-11 +1.000000e-11 +3.998000e-08 +3.998000e-08 +1.670000e+14 +4.380000e+13 +2.647000e+14 +1.8562e+10 +1.870400e+03 +4.094000e+02 +2.681000e+02 +1.267000e+01 +3.861900e-10 +6.678827e-11 +6.384841e-12 +1.135757e-11 +4.008713e+02
+2.110000e+05 +1.000000e-11 +1.000000e-11 +3.998000e-08 +3.998000e-08 +1.730000e+14 +4.710000e+13 +2.768000e+14 +1.9134e+10 +1.829900e+03 +4.036000e+02 +2.681000e+02 +1.331000e+01 +3.846758e-10 +6.750836e-11 +6.503125e-12 +1.083204e-11 +3.996103e+02
+2.100000e+05 +1.000000e-11 +1.000000e-11 +3.998000e-08 +3.998000e-08 +1.790000e+14 +5.050000e+13 +2.890000e+14 +1.9732e+10 +1.789700e+03 +3.981000e+02 +2.681000e+02 +1.397000e+01 +3.828376e-10 +6.822875e-11 +6.622859e-12 +1.030660e-11 +3.984045e+02
+2.090000e+05 +1.000000e-11 +1.000000e-11 +3.998000e-08 +3.998000e-08 +1.850000e+14 +5.420000e+13 +3.016000e+14 +2.0359e+10 +1.749800e+03 +3.928000e+02 +2.680000e+02 +1.467000e+01 +3.809370e-10 +6.897971e-11 +6.747015e-12 +9.787071e-12 +3.970471e+02
+2.080000e+05 +1.000000e-11 +1.000000e-11 +3.997000e-08 +3.997000e-08 +1.910000e+14 +5.810000e+13 +3.146000e+14 +2.1021e+10 +1.710300e+03 +3.876000e+02 +2.680000e+02 +1.539000e+01 +3.787188e-10 +6.969365e-11 +6.869010e-12 +9.265201e-12 +3.957460e+02
+2.070000e+05 +1.000000e-11 +1.000000e-11 +3.997000e-08 +3.997000e-08 +1.970000e+14 +6.220000e+13 +3.278000e+14 +2.1715e+10 +1.671100e+03 +3.827000e+02 +2.680000e+02 +1.613000e+01 +3.761608e-10 +7.040492e-11 +6.992182e-12 +8.747800e-12 +3.944578e+02
+2.060000e+05 +1.000000e-11 +1.000000e-11 +3.997000e-08 +3.997000e-08 +2.030000e+14 +6.660000e+13 +3.416000e+14 +2.2439e+10 +1.632400e+03 +3.779000e+02 +2.680000e+02 +1.691000e+01 +3.735500e-10 +7.112186e-11 +7.117370e-12 +8.237444e-12 +3.931066e+02
+2.050000e+05 +1.000000e-11 +1.000000e-11 +3.996000e-08 +3.996000e-08 +2.090000e+14 +7.120000e+13 +3.556000e+14 +2.3191e+10 +1.594200e+03 +3.734000e+02 +2.680000e+02 +1.772000e+01 +3.707562e-10 +7.185725e-11 +7.245882e-12 +7.736889e-12 +3.917822e+02
+2.040000e+05 +1.000000e-11 +1.000000e-11 +3.996000e-08 +3.996000e-08 +2.160000e+14 +7.610000e+13 +3.711000e+14 +2.3966e+10 +1.556400e+03 +3.690000e+02 +2.679000e+02 +1.858000e+01 +3.679419e-10 +7.260915e-11 +7.377574e-12 +7.246995e-12 +3.905333e+02
+2.030000e+05 +1.000000e-11 +1.000000e-11 +3.996000e-08 +3.996000e-08 +2.220000e+14 +8.130000e+13 +3.861000e+14 +2.4769e+10 +1.519200e+03 +3.648000e+02 +2.679000e+02 +1.942000e+01 +3.644772e-10 +7.326177e-11 +7.500638e-12 +6.758169e-12 +3.891507e+02
+2.020000e+05 +1.000000e-11 +1.000000e-11 +3.995000e-08 +3.995000e-08 +2.290000e+14 +8.680000e+13 +4.025000e+14 +2.5611e+10 +1.482500e+03 +3.607000e+02 +2.679000e+02 +2.034000e+01 +3.612948e-10 +7.398426e-11 +7.632296e-12 +6.288364e-12 +3.879338e+02
+2.010000e+05 +1.000000e-11 +1.000000e-11 +3.994000e-08 +3.994000e-08 +2.350000e+14 +9.260000e+13 +4.183000e+14 +2.6505e+10 +1.446300e+03 +3.568000e+02 +2.679000e+02 +2.130000e+01 +3.579853e-10 +7.471546e-11 +7.766361e-12 +5.832607e-12 +3.865446e+02
+2.000000e+05 +1.000000e-11 +1.000000e-11 +3.994000e-08 +3.994000e-08 +2.420000e+14 +9.870000e+13 +4.357000e+14 +2.7465e+10 +1.410800e+03 +3.531000e+02 +2.679000e+02 +2.230000e+01 +3.546035e-10 +7.545641e-11 +7.902968e-12 +5.392037e-12 +3.853114e+02
+1.990000e+05 +1.000000e-11 +1.000000e-11 +3.993000e-08 +3.993000e-08 +2.490000e+14 +1.050000e+14 +4.534000e+14 +2.8502e+10 +1.375800e+03 +3.478000e+02 +2.678000e+02 +2.330000e+01 +3.507768e-10 +7.574493e-11 +7.993371e-12 +4.937490e-12 +3.840430e+02
+1.980000e+05 +1.000000e-11 +1.000000e-11 +3.992000e-08 +3.992000e-08 +2.550000e+14 +1.120000e+14 +4.710000e+14 +2.9618e+10 +1.341500e+03 +3.428000e+02 +2.678000e+02 +2.440000e+01 +3.473273e-10 +7.614611e-11 +8.096570e-12 +4.511554e-12 +3.825777e+02
+1.970000e+05 +1.000000e-11 +1.000000e-11 +3.991000e-08 +3.991000e-08 +2.620000e+14 +1.190000e+14 +4.899000e+14 +3.0812e+10 +1.307800e+03 +3.380000e+02 +2.678000e+02 +2.560000e+01 +3.441475e-10 +7.662470e-11 +8.209061e-12 +4.110920e-12 +3.813660e+02
+1.960000e+05 +1.000000e-11 +1.000000e-11 +3.991000e-08 +3.991000e-08 +2.720000e+14 +1.290000e+14 +5.155000e+14 +3.2082e+10 +1.274800e+03 +3.334000e+02 +2.677000e+02 +2.710000e+01 +3.424717e-10 +7.745787e-11 +8.360941e-12 +3.748237e-12 +3.797846e+02
+1.950000e+05 +1.000000e-11 +1.000000e-11 +3.989000e-08 +3.989000e-08 +2.820000e+14 +1.380000e+14 +5.404000e+14 +3.3427e+10 +1.242400e+03 +3.289000e+02 +2.677000e+02 +2.860000e+01 +3.401985e-10 +7.816241e-11 +8.500522e-12 +3.397668e-12 +3.786683e+02
+1.940000e+05 +1.000000e-11 +1.000000e-11 +3.988000e-08 +3.988000e-08 +2.920000e+14 +1.490000e+14 +5.674000e+14 +3.4861e+10 +1.210700e+03 +3.247000e+02 +2.676000e+02 +3.020000e+01 +3.379904e-10 +7.892892e-11 +8.648369e-12 +3.069012e-12 +3.771258e+02
+1.930000e+05 +1.000000e-11 +1.000000e-11 +3.987000e-08 +3.987000e-08 +3.020000e+14 +1.600000e+14 +5.948000e+14 +3.6399e+10 +1.179600e+03 +3.205000e+02 +2.676000e+02 +3.190000e+01 +3.363650e-10 +7.981615e-11 +8.811116e-12 +2.763857e-12 +3.757932e+02
+1.920000e+05 +1.000000e-11 +1.000000e-11 +3.985000e-08 +3.985000e-08 +3.120000e+14 +1.710000e+14 +6.224000e+14 +3.8040e+10 +1.149300e+03 +3.166000e+02 +2.675000e+02 +3.370000e+01 +3.337902e-10 +8.052255e-11 +8.955518e-12 +2.471780e-12 +3.745161e+02
+1.910000e+05 +1.000000e-11 +1.000000e-11 +3.984000e-08 +3.984000e-08 +3.220000e+14 +1.840000e+14 +6.523000e+14 +3.9780e+10 +1.119700e+03 +3.128000e+02 +2.674000e+02 +3.560000e+01 +3.311965e-10 +8.122285e-11 +9.100695e-12 +2.199690e-12 +3.729723e+02
+1.900000e+05 +1.000000e-11 +1.000000e-11 +3.982000e-08 +3.982000e-08 +3.320000e+14 +1.970000e+14 +6.825000e+14 +4.1618e+10 +1.090800e+03 +3.091000e+02 +2.674000e+02 +3.740000e+01 +3.276915e-10 +8.169423e-11 +9.221469e-12 +1.942248e-12 +3.716385e+02
+1.890000e+05 +1.000000e-11 +1.000000e-11 +3.980000e-08 +3.980000e-08 +3.430000e+14 +2.110000e+14 +7.150000e+14 +4.3566e+10 +1.062500e+03 +3.056000e+02 +2.673000e+02 +3.950000e+01 +3.250245e-10 +8.240341e-11 +9.370324e-12 +1.710958e-12 +3.703000e+02
+1.880000e+05 +1.000000e-11 +1.000000e-11 +3.978000e-08 +3.978000e-08 +3.530000e+14 +2.260000e+14 +7.481000e+14 +4.5644e+10 +1.035000e+03 +3.022000e+02 +2.673000e+02 +4.170000e+01 +3.223376e-10 +8.309861e-11 +9.518997e-12 +1.498747e-12 +3.688930e+02
+1.870000e+05 +1.000000e-11 +1.000000e-11 +3.975000e-08 +3.975000e-08 +3.630000e+14 +2.420000e+14 +7.822000e+14 +4.7856e+10 +1.008200e+03 +2.989000e+02 +2.672000e+02 +4.390000e+01 +3.192227e-10 +8.368005e-11 +9.655920e-12 +1.303650e-12 +3.674083e+02
+1.860000e+05 +1.000000e-11 +1.000000e-11 +3.972000e-08 +3.972000e-08 +3.740000e+14 +2.590000e+14 +8.184000e+14 +5.0206e+10 +9.821000e+02 +2.957000e+02 +2.671000e+02 +4.620000e+01 +3.160856e-10 +8.425021e-11 +9.792693e-12 +1.127144e-12 +3.660175e+02
+1.850000e+05 +1.000000e-11 +1.000000e-11 +3.969000e-08 +3.969000e-08 +3.840000e+14 +2.760000e+14 +8.538000e+14 +5.2698e+10 +9.568000e+02 +2.927000e+02 +2.671000e+02 +4.860000e+01 +3.129682e-10 +8.484013e-11 +9.932893e-12 +9.688139e-13 +3.647286e+02
+1.840000e+05 +1.000000e-11 +1.000000e-11 +3.965000e-08 +3.965000e-08 +3.940000e+14 +2.950000e+14 +8.923000e+14 +5.5359e+10 +9.321000e+02 +2.897000e+02 +2.670000e+02 +5.120000e+01 +3.100865e-10 +8.546933e-11 +1.007884e-11 +8.278165e-13 +3.632520e+02
+1.830000e+05 +1.000000e-11 +1.000000e-11 +3.962000e-08 +3.962000e-08 +4.040000e+14 +3.150000e+14 +9.310000e+14 +5.8211e+10 +9.081000e+02 +2.869000e+02 +2.670000e+02 +5.390000e+01 +3.071484e-10 +8.610884e-11 +1.022716e-11 +7.027461e-13 +3.618657e+02
+1.820000e+05 +1.000000e-11 +1.000000e-11 +3.957000e-08 +3.957000e-08 +4.160000e+14 +3.380000e+14 +9.770000e+14 +6.1253e+10 +8.847000e+02 +2.841000e+02 +2.668000e+02 +5.680000e+01 +3.043843e-10 +8.677341e-11 +1.037961e-11 +5.926387e-13 +3.603317e+02
+1.810000e+05 +1.000000e-11 +1.000000e-11 +3.952000e-08 +3.952000e-08 +4.320000e+14 +3.640000e+14 +1.030600e+15 +6.4483e+10 +8.618000e+02 +2.815000e+02 +2.664000e+02 +6.060000e+01 +3.034650e-10 +8.802140e-11 +1.060346e-11 +4.995153e-13 +3.588339e+02
+1.800000e+05 +1.000000e-11 +1.000000e-11 +3.947000e-08 +3.947000e-08 +4.490000e+14 +3.930000e+14 +1.089400e+15 +6.7899e+10 +8.395000e+02 +2.789000e+02 +2.660000e+02 +6.440000e+01 +3.019565e-10 +8.909164e-11 +1.080782e-11 +4.169972e-13 +3.572886e+02
+1.790000e+05 +1.000000e-11 +1.000000e-11 +3.941000e-08 +3.941000e-08 +4.650000e+14 +4.230000e+14 +1.148000e+15 +7.1560e+10 +8.180000e+02 +2.764000e+02 +2.656000e+02 +6.840000e+01 +3.004820e-10 +9.017158e-11 +1.101506e-11 +3.454211e-13 +3.557369e+02
+1.780000e+05 +1.000000e-11 +1.000000e-11 +3.934000e-08 +3.934000e-08 +4.820000e+14 +4.550000e+14 +1.211000e+15 +7.5501e+10 +7.970000e+02 +2.740000e+02 +2.652000e+02 +7.270000e+01 +2.990952e-10 +9.131049e-11 +1.123122e-11 +2.839837e-13 +3.542498e+02
+1.770000e+05 +1.000000e-11 +1.000000e-11 +3.927000e-08 +3.927000e-08 +4.980000e+14 +4.890000e+14 +1.275000e+15 +7.9684e+10 +7.767000e+02 +2.717000e+02 +2.648000e+02 +7.730000e+01 +2.978552e-10 +9.250600e-11 +1.145608e-11 +2.316353e-13 +3.526958e+02
+1.760000e+05 +1.000000e-11 +1.000000e-11 +3.919000e-08 +3.919000e-08 +5.150000e+14 +5.260000e+14 +1.344000e+15 +8.4068e+10 +7.571000e+02 +2.694000e+02 +2.644000e+02 +8.200000e+01 +2.963721e-10 +9.360130e-11 +1.167014e-11 +1.870679e-13 +3.511563e+02
+1.750000e+05 +1.000000e-11 +1.000000e-11 +3.910000e-08 +3.910000e-08 +5.320000e+14 +5.650000e+14 +1.414000e+15 +8.8615e+10 +7.380000e+02 +2.672000e+02 +2.641000e+02 +8.700000e+01 +2.949234e-10 +9.473909e-11 +1.189099e-11 +1.497601e-13 +3.496970e+02
+1.740000e+05 +1.000000e-11 +1.000000e-11 +3.900000e-08 +3.900000e-08 +5.480000e+14 +6.070000e+14 +1.488000e+15 +9.3304e+10 +7.196000e+02 +2.651000e+02 +2.637000e+02 +9.220000e+01 +2.934351e-10 +9.587007e-11 +1.211240e-11 +1.187423e-13 +3.481018e+02
+1.730000e+05 +1.000000e-11 +1.000000e-11 +3.889000e-08 +3.889000e-08 +5.650000e+14 +6.510000e+14 +1.566000e+15 +9.8186e+10 +7.018000e+02 +2.630000e+02 +2.633000e+02 +9.780000e+01 +2.921669e-10 +9.705453e-11 +1.234192e-11 +9.326822e-14 +3.466082e+02
+1.720000e+05 +1.000000e-11 +1.000000e-11 +3.877000e-08 +3.877000e-08 +5.810000e+14 +6.980000e+14 +1.645000e+15 +1.0333e+11 +6.845000e+02 +2.626000e+02 +2.629000e+02 +1.036000e+02 +2.907418e-10 +9.881958e-11 +1.264701e-11 +7.293271e-14 +3.450475e+02
+1.710000e+05 +1.000000e-11 +1.000000e-11 +3.863000e-08 +3.863000e-08 +5.970000e+14 +7.490000e+14 +1.730000e+15 +1.0879e+11 +6.678000e+02 +2.622000e+02 +2.625000e+02 +1.098000e+02 +2.894992e-10 +1.006480e-10 +1.296233e-11 +5.644578e-14 +3.434666e+02
+1.700000e+05 +1.000000e-11 +1.000000e-11 +3.848000e-08 +3.848000e-08 +6.130000e+14 +8.020000e+14 +1.817000e+15 +1.1465e+11 +6.517000e+02 +2.618000e+02 +2.621000e+02 +1.162000e+02 +2.881648e-10 +1.024427e-10 +1.327531e-11 +4.317693e-14 +3.419453e+02
+1.690000e+05 +1.000000e-11 +1.000000e-11 +3.831000e-08 +3.831000e-08 +6.280000e+14 +8.590000e+14 +1.909000e+15 +1.2099e+11 +6.361000e+02 +2.613000e+02 +2.617000e+02 +1.229000e+02 +2.868195e-10 +1.042028e-10 +1.358556e-11 +3.262846e-14 +3.403814e+02
+1.680000e+05 +1.000000e-11 +1.000000e-11 +3.813000e-08 +3.813000e-08 +6.530000e+14 +9.280000e+14 +2.026000e+15 +1.2783e+11 +6.209000e+02 +2.609000e+02 +2.612000e+02 +1.311000e+02 +2.867174e-10 +1.064871e-10 +1.396609e-11 +2.447703e-14 +3.389273e+02
+1.670000e+05 +1.000000e-11 +1.000000e-11 +3.793000e-08 +3.793000e-08 +6.790000e+14 +1.000000e+15 +2.148000e+15 +1.3515e+11 +6.063000e+02 +2.604000e+02 +2.607000e+02 +1.401000e+02 +2.870257e-10 +1.088920e-10 +1.436464e-11 +1.814633e-14 +3.375636e+02
+1.660000e+05 +1.000000e-11 +1.000000e-11 +3.770000e-08 +3.770000e-08 +7.050000e+14 +1.080000e+15 +2.279000e+15 +1.4293e+11 +5.922000e+02 +2.598000e+02 +2.602000e+02 +1.502000e+02 +2.878994e-10 +1.114973e-10 +1.479183e-11 +1.329701e-14 +3.361053e+02
+1.650000e+05 +1.000000e-11 +1.000000e-11 +3.746000e-08 +3.746000e-08 +7.310000e+14 +1.170000e+15 +2.421000e+15 +1.5115e+11 +5.785000e+02 +2.593000e+02 +2.597000e+02 +1.603000e+02 +2.881707e-10 +1.139552e-10 +1.520141e-11 +9.595276e-15 +3.345340e+02
+1.640000e+05 +1.000000e-11 +1.000000e-11 +3.719000e-08 +3.719000e-08 +7.570000e+14 +1.260000e+15 +2.564000e+15 +1.5987e+11 +5.653000e+02 +2.587000e+02 +2.592000e+02 +1.703000e+02 +2.879105e-10 +1.161706e-10 +1.557996e-11 +6.810052e-15 +3.331230e+02
+1.630000e+05 +1.000000e-11 +1.000000e-11 +3.689000e-08 +3.689000e-08 +7.820000e+14 +1.350000e+15 +2.707000e+15 +1.6920e+11 +5.526000e+02 +2.581000e+02 +2.587000e+02 +1.813000e+02 +2.880893e-10 +1.185677e-10 +1.598383e-11 +4.768708e-15 +3.318147e+02
+1.620000e+05 +1.000000e-11 +1.000000e-11 +3.657000e-08 +3.657000e-08 +8.080000e+14 +1.460000e+15 +2.872000e+15 +1.7916e+11 +5.403000e+02 +2.575000e+02 +2.582000e+02 +1.933000e+02 +2.885670e-10 +1.211152e-10 +1.640876e-11 +3.291571e-15 +3.302558e+02
+1.610000e+05 +1.000000e-11 +1.000000e-11 +3.621000e-08 +3.621000e-08 +8.330000e+14 +1.570000e+15 +3.038000e+15 +1.8977e+11 +5.285000e+02 +2.569000e+02 +2.578000e+02 +2.063000e+02 +2.893569e-10 +1.237993e-10 +1.685276e-11 +2.237762e-15 +3.288967e+02
+1.600000e+05 +1.000000e-11 +1.000000e-11 +3.582000e-08 +3.582000e-08 +8.580000e+14 +1.690000e+15 +3.215000e+15 +2.0107e+11 +5.171000e+02 +2.562000e+02 +2.573000e+02 +2.192000e+02 +2.896139e-10 +1.262273e-10 +1.726194e-11 +1.492730e-15 +3.274414e+02
+1.590000e+05 +1.000000e-11 +1.000000e-11 +3.540000e-08 +3.540000e-08 +8.830000e+14 +1.810000e+15 +3.392000e+15 +2.1320e+11 +5.061000e+02 +2.556000e+02 +2.568000e+02 +2.331000e+02 +2.901106e-10 +1.288226e-10 +1.769345e-11 +9.797192e-16 +3.261164e+02
+1.580000e+05 +1.000000e-11 +1.000000e-11 +3.494000e-08 +3.494000e-08 +9.060000e+14 +1.950000e+15 +3.590000e+15 +2.2628e+11 +4.955000e+02 +2.548000e+02 +2.563000e+02 +2.479000e+02 +2.907506e-10 +1.313912e-10 +1.812030e-11 +6.312524e-16 +3.245969e+02
+1.570000e+05 +1.000000e-11 +1.000000e-11 +3.445000e-08 +3.445000e-08 +9.290000e+14 +2.090000e+15 +3.787000e+15 +2.4028e+11 +4.853000e+02 +2.541000e+02 +2.558000e+02 +2.627000e+02 +2.910164e-10 +1.338443e-10 +1.852958e-11 +3.987439e-16 +3.232090e+02
+1.560000e+05 +1.000000e-11 +1.000000e-11 +3.391000e-08 +3.391000e-08 +9.680000e+14 +2.270000e+15 +4.051000e+15 +2.5517e+11 +4.750000e+02 +2.532000e+02 +2.549000e+02 +2.821000e+02 +2.929621e-10 +1.371140e-10 +1.904996e-11 +2.484473e-16 +3.216393e+02
+1.550000e+05 +1.000000e-11 +1.000000e-11 +3.333000e-08 +3.333000e-08 +1.010000e+15 +2.460000e+15 +4.330000e+15 +2.7093e+11 +4.651000e+02 +2.524000e+02 +2.539000e+02 +3.026000e+02 +2.949141e-10 +1.404642e-10 +1.957930e-11 +1.517176e-16 +3.201071e+02
+1.540000e+05 +1.000000e-11 +1.000000e-11 +3.271000e-08 +3.271000e-08 +1.050000e+15 +2.670000e+15 +4.630000e+15 +2.8787e+11 +4.554000e+02 +2.514000e+02 +2.529000e+02 +3.241000e+02 +2.966495e-10 +1.436766e-10 +2.008633e-11 +9.058934e-17 +3.184849e+02
+1.530000e+05 +1.000000e-11 +1.000000e-11 +3.204000e-08 +3.204000e-08 +1.100000e+15 +2.890000e+15 +4.951000e+15 +3.0617e+11 +4.462000e+02 +2.504000e+02 +2.519000e+02 +3.476000e+02 +2.988672e-10 +1.471003e-10 +2.061894e-11 +5.297343e-17 +3.170866e+02
+1.520000e+05 +1.000000e-11 +1.000000e-11 +3.133000e-08 +3.133000e-08 +1.140000e+15 +3.130000e+15 +5.285000e+15 +3.2561e+11 +4.372000e+02 +2.494000e+02 +2.509000e+02 +3.720000e+02 +3.007898e-10 +1.504489e-10 +2.113616e-11 +3.025060e-17 +3.154871e+02
+1.510000e+05 +1.000000e-11 +1.000000e-11 +3.057000e-08 +3.057000e-08 +1.180000e+15 +3.390000e+15 +5.640000e+15 +3.4599e+11 +4.285000e+02 +2.483000e+02 +2.499000e+02 +3.973000e+02 +3.025286e-10 +1.536741e-10 +2.163007e-11 +1.684969e-17 +3.138773e+02
+1.500000e+05 +1.000000e-11 +1.000000e-11 +2.977000e-08 +2.977000e-08 +1.220000e+15 +3.660000e+15 +6.007000e+15 +3.6709e+11 +4.202000e+02 +2.472000e+02 +2.490000e+02 +4.245000e+02 +3.045636e-10 +1.570360e-10 +2.213614e-11 +9.161463e-18 +3.124031e+02
+1.490000e+05 +1.000000e-11 +1.000000e-11 +2.893000e-08 +2.893000e-08 +1.260000e+15 +3.960000e+15 +6.407000e+15 +3.8902e+11 +4.121000e+02 +2.460000e+02 +2.480000e+02 +4.527000e+02 +3.063601e-10 +1.602642e-10 +2.261514e-11 +4.849200e-18 +3.108210e+02
+1.480000e+05 +1.000000e-11 +1.000000e-11 +2.804000e-08 +2.804000e-08 +1.300000e+15 +4.280000e+15 +6.829000e+15 +4.1205e+11 +4.044000e+02 +2.447000e+02 +2.470000e+02 +4.827000e+02 +3.083949e-10 +1.635195e-10 +2.308843e-11 +2.498686e-18 +3.092658e+02
+1.470000e+05 +1.000000e-11 +1.000000e-11 +2.712000e-08 +2.712000e-08 +1.340000e+15 +4.620000e+15 +7.273000e+15 +4.3615e+11 +3.968000e+02 +2.433000e+02 +2.460000e+02 +5.147000e+02 +3.104004e-10 +1.667730e-10 +2.355065e-11 +1.251835e-18 +3.077424e+02
+1.460000e+05 +1.000000e-11 +1.000000e-11 +2.615000e-08 +2.615000e-08 +1.380000e+15 +4.980000e+15 +7.739000e+15 +4.6130e+11 +3.896000e+02 +2.419000e+02 +2.450000e+02 +5.485000e+02 +3.126060e-10 +1.700860e-10 +2.400902e-11 +6.093255e-19 +3.062539e+02
+1.450000e+05 +1.000000e-11 +1.000000e-11 +2.516000e-08 +2.516000e-08 +1.440000e+15 +5.450000e+15 +8.358000e+15 +4.8749e+11 +3.819000e+02 +2.403000e+02 +2.434000e+02 +5.902000e+02 +3.156495e-10 +1.740660e-10 +2.454772e-11 +2.888183e-19 +3.043743e+02
+1.440000e+05 +1.000000e-11 +1.000000e-11 +2.414000e-08 +2.414000e-08 +1.520000e+15 +5.970000e+15 +9.057000e+15 +5.1547e+11 +3.743000e+02 +2.386000e+02 +2.415000e+02 +6.372000e+02 +3.191965e-10 +1.783590e-10 +2.511488e-11 +1.328543e-19 +3.024930e+02
+1.430000e+05 +1.000000e-11 +1.000000e-11 +2.309000e-08 +2.309000e-08 +1.590000e+15 +6.540000e+15 +9.795000e+15 +5.4539e+11 +3.670000e+02 +2.368000e+02 +2.397000e+02 +6.860000e+02 +3.225037e-10 +1.824531e-10 +2.563645e-11 +5.905939e-20 +3.005352e+02
+1.420000e+05 +1.000000e-11 +1.000000e-11 +2.203000e-08 +2.203000e-08 +1.670000e+15 +7.160000e+15 +1.060400e+16 +5.7629e+11 +3.598000e+02 +2.350000e+02 +2.378000e+02 +7.367000e+02 +3.253879e-10 +1.864054e-10 +2.611864e-11 +2.534930e-20 +2.986196e+02
+1.410000e+05 +1.000000e-11 +1.000000e-11 +2.096000e-08 +2.096000e-08 +1.740000e+15 +7.820000e+15 +1.144400e+16 +6.0726e+11 +3.529000e+02 +2.330000e+02 +2.360000e+02 +7.912000e+02 +3.285083e-10 +1.903212e-10 +2.657430e-11 +1.049734e-20 +2.967069e+02
+1.400000e+05 +1.000000e-11 +1.000000e-11 +1.988000e-08 +1.988001e-08 +1.820000e+15 +8.540000e+15 +1.236600e+16 +6.3733e+11 +3.462000e+02 +2.310000e+02 +2.341000e+02 +8.475000e+02 +3.313102e-10 +1.940802e-10 +2.698466e-11 +4.185523e-21 +2.948189e+02
+1.390000e+05 +1.000000e-11 +1.000000e-11 +1.880000e-08 +1.880001e-08 +1.890000e+15 +9.310000e+15 +1.331900e+16 +6.6703e+11 +3.396000e+02 +2.288000e+02 +2.322000e+02 +9.055000e+02 +3.336753e-10 +1.974875e-10 +2.732087e-11 +1.602982e-21 +2.928478e+02
+1.380000e+05 +1.000000e-11 +1.000000e-11 +1.772000e-08 +1.772001e-08 +1.960000e+15 +1.010000e+16 +1.430400e+16 +6.9699e+11 +3.333000e+02 +2.265000e+02 +2.304000e+02 +9.674000e+02 +3.362824e-10 +2.008966e-10 +2.763022e-11 +5.898642e-22 +2.910454e+02
+1.370000e+05 +1.000000e-11 +1.000000e-11 +1.666000e-08 +1.666001e-08 +2.020000e+15 +1.110000e+16 +1.548900e+16 +7.2643e+11 +3.271000e+02 +2.240000e+02 +2.285000e+02 +1.030900e+03 +3.384546e-10 +2.039184e-10 +2.785735e-11 +2.078235e-22 +2.888968e+02
+1.360000e+05 +1.000000e-11 +1.000000e-11 +1.562000e-08 +1.562001e-08 +2.090000e+15 +1.200000e+16 +1.659600e+16 +7.5462e+11 +3.211000e+02 +2.214000e+02 +2.267000e+02 +1.096200e+03 +3.403947e-10 +2.066847e-10 +2.801913e-11 +7.003952e-23 +2.871657e+02
+1.350000e+05 +1.000000e-11 +1.000000e-11 +1.461000e-08 +1.461001e-08 +2.220000e+15 +1.340000e+16 +1.833000e+16 +7.8079e+11 +3.142000e+02 +2.186000e+02 +2.237000e+02 +1.187900e+03 +3.441056e-10 +2.110437e-10 +2.836273e-11 +2.273954e-23 +2.845695e+02
+1.340000e+05 +1.000000e-11 +1.000000e-11 +1.362000e-08 +1.362001e-08 +2.370000e+15 +1.500000e+16 +2.031000e+16 +8.0806e+11 +3.073000e+02 +2.157000e+02 +2.205000e+02 +1.289500e+03 +3.479314e-10 +2.155345e-10 +2.868544e-11 +7.048355e-24 +2.818918e+02
+1.330000e+05 +1.000000e-11 +1.000000e-11 +1.267000e-08 +1.267001e-08 +2.510000e+15 +1.670000e+16 +2.238000e+16 +8.3711e+11 +3.005000e+02 +2.126000e+02 +2.173000e+02 +1.390600e+03 +3.505618e-10 +2.191648e-10 +2.885332e-11 +2.072368e-24 +2.791996e+02
+1.320000e+05 +1.000000e-11 +1.000000e-11 +1.175000e-08 +1.175001e-08 +2.660000e+15 +1.860000e+16 +2.467000e+16 +8.6352e+11 +2.938000e+02 +2.094000e+02 +2.141000e+02 +1.491300e+03 +3.521485e-10 +2.220978e-10 +2.888894e-11 +5.773945e-25 +2.765093e+02
+1.310000e+05 +1.000000e-11 +1.000000e-11 +1.088000e-08 +1.088001e-08 +2.800000e+15 +2.070000e+16 +2.717000e+16 +8.8285e+11 +2.873000e+02 +2.061000e+02 +2.109000e+02 +1.601500e+03 +3.540707e-10 +2.251065e-10 +2.889269e-11 +1.526737e-25 +2.737891e+02
+1.300000e+05 +1.000000e-11 +1.000000e-11 +1.004000e-08 +1.004001e-08 +2.930000e+15 +2.290000e+16 +2.976000e+16 +8.9068e+11 +2.809000e+02 +2.027000e+02 +2.078000e+02 +1.701200e+03 +3.539941e-10 +2.267638e-10 +2.868159e-11 +3.799139e-26 +2.711561e+02
+1.290000e+05 +1.000000e-11 +1.000000e-11 +9.250000e-09 +9.250011e-09 +3.060000e+15 +2.540000e+16 +3.266000e+16 +8.9121e+11 +2.746000e+02 +1.991000e+02 +2.046000e+02 +1.820400e+03 +3.551425e-10 +2.289961e-10 +2.850160e-11 +8.953583e-27 +2.684166e+02
+1.280000e+05 +1.000000e-11 +1.000000e-11 +8.510000e-09 +8.510012e-09 +3.190000e+15 +2.800000e+16 +3.567000e+16 +8.9157e+11 +2.685000e+02 +1.954000e+02 +2.014000e+02 +1.929000e+03 +3.546618e-10 +2.299794e-10 +2.812458e-11 +1.978026e-27 +2.657466e+02
+1.270000e+05 +1.000000e-11 +1.000000e-11 +7.800000e-09 +7.800013e-09 +3.340000e+15 +3.130000e+16 +3.947000e+16 +8.9176e+11 +2.621000e+02 +1.917000e+02 +1.978000e+02 +2.047500e+03 +3.536844e-10 +2.309756e-10 +2.770922e-11 +4.109175e-28 +2.627442e+02
+1.260000e+05 +1.000000e-11 +1.000000e-11 +7.150000e-09 +7.150014e-09 +3.650000e+15 +3.630000e+16 +4.534000e+16 +8.9178e+11 +2.546000e+02 +1.880000e+02 +1.929000e+02 +2.216600e+03 +3.538555e-10 +2.338211e-10 +2.747047e-11 +8.070496e-29 +2.589139e+02
+1.250000e+05 +1.000000e-11 +1.000000e-11 +6.540000e-09 +6.540015e-09 +3.950000e+15 +4.180000e+16 +5.173000e+16 +8.9164e+11 +2.471000e+02 +1.842000e+02 +1.880000e+02 +2.384700e+03 +3.525077e-10 +2.357054e-10 +2.707043e-11 +1.476603e-29 +2.550678e+02
+1.240000e+05 +1.000000e-11 +1.000000e-11 +5.970000e-09 +5.970017e-09 +4.240000e+15 +4.790000e+16 +5.873000e+16 +8.8146e+11 +2.398000e+02 +1.805000e+02 +1.831000e+02 +2.542000e+03 +3.495084e-10 +2.365693e-10 +2.650939e-11 +2.509582e-30 +2.511885e+02
+1.230000e+05 +1.000000e-11 +1.000000e-11 +5.440000e-09 +5.440018e-09 +4.520000e+15 +5.470000e+16 +6.644000e+16 +8.5568e+11 +2.325000e+02 +1.767000e+02 +1.783000e+02 +2.698600e+03 +3.453932e-10 +2.366743e-10 +2.582445e-11 +3.955368e-31 +2.473441e+02
+1.220000e+05 +1.000000e-11 +1.000000e-11 +4.950000e-09 +4.950020e-09 +4.780000e+15 +6.220000e+16 +7.486000e+16 +8.2077e+11 +2.254000e+02 +1.730000e+02 +1.734000e+02 +2.854600e+03 +3.406700e-10 +2.364084e-10 +2.506409e-11 +5.773757e-32 +2.434072e+02
+1.210000e+05 +1.000000e-11 +1.000000e-11 +4.500000e-09 +4.500022e-09 +5.020000e+15 +7.060000e+16 +8.419000e+16 +7.8319e+11 +2.183000e+02 +1.694000e+02 +1.685000e+02 +3.000100e+03 +3.344752e-10 +2.353608e-10 +2.419066e-11 +7.768334e-33 +2.394327e+02
+1.200000e+05 +1.000000e-11 +1.000000e-11 +4.090000e-09 +4.090024e-09 +5.270000e+15 +8.050000e+16 +9.512000e+16 +7.4942e+11 +2.113000e+02 +1.660000e+02 +1.636000e+02 +3.145200e+03 +3.277268e-10 +2.341877e-10 +2.327870e-11 +9.629663e-34 +2.354246e+02
+1.190000e+05 +1.000000e-11 +1.000000e-11 +3.710000e-09 +3.710027e-09 +5.800000e+15 +9.570000e+16 +1.121400e+17 +7.2022e+11 +2.044000e+02 +1.626000e+02 +1.586000e+02 +3.299200e+03 +3.209423e-10 +2.329699e-10 +2.233936e-11 +1.096520e-34 +2.313552e+02
+1.180000e+05 +1.000000e-11 +1.000000e-11 +3.360000e-09 +3.360030e-09 +6.300000e+15 +1.130000e+17 +1.313100e+17 +6.9125e+11 +1.975000e+02 +1.594000e+02 +1.536000e+02 +3.433200e+03 +3.125638e-10 +2.309601e-10 +2.130657e-11 +1.139308e-35 +2.272399e+02
+1.170000e+05 +1.000000e-11 +1.000000e-11 +3.050000e-09 +3.050033e-09 +6.760000e+15 +1.330000e+17 +1.532200e+17 +6.6134e+11 +1.906000e+02 +1.563000e+02 +1.486000e+02 +3.567300e+03 +3.036751e-10 +2.287794e-10 +2.024695e-11 +1.079116e-36 +2.230642e+02
+1.160000e+05 +1.000000e-11 +1.000000e-11 +2.760000e-09 +2.760036e-09 +7.170000e+15 +1.550000e+17 +1.771500e+17 +6.2931e+11 +1.839000e+02 +1.534000e+02 +1.436000e+02 +3.701900e+03 +2.947618e-10 +2.266875e-10 +1.918774e-11 +9.293142e-38 +2.188723e+02
+1.150000e+05 +1.000000e-11 +1.000000e-11 +2.490000e-09 +2.490040e-09 +7.500000e+15 +1.800000e+17 +2.040600e+17 +5.9398e+11 +1.772000e+02 +1.505000e+02 +1.386000e+02 +3.847000e+03 +2.857989e-10 +2.246101e-10 +1.812545e-11 +7.245977e-39 +2.146201e+02
+1.140000e+05 +1.000000e-11 +1.000000e-11 +2.250000e-09 +2.250044e-09 +7.700000e+15 +2.100000e+17 +2.362400e+17 +5.5163e+11 +1.720000e+02 +1.478000e+02 +1.350000e+02 +4.352300e+03 +2.920090e-10 +2.330547e-10 +1.786936e-11 +5.335188e-40 +2.114124e+02
+1.130000e+05 +1.000000e-11 +1.000000e-11 +2.030000e-09 +2.030049e-09 +7.700000e+15 +2.460000e+17 +2.748900e+17 +5.0240e+11 +1.685000e+02 +1.451000e+02 +1.331000e+02 +3.758030e+03 +2.639146e-10 +2.118833e-10 +1.538089e-11 +3.090835e-41 +2.095433e+02
+1.120000e+05 +1.000000e-11 +1.000000e-11 +1.840000e-09 +1.840054e-09 +7.480000e+15 +2.880000e+17 +3.195600e+17 +4.5090e+11 +1.650000e+02 +1.427000e+02 +1.312000e+02 +3.134940e+03 +2.343103e-10 +1.896580e-10 +1.298494e-11 +1.576149e-42 +2.076562e+02
+1.110000e+05 +1.000000e-11 +1.000000e-11 +1.660000e-09 +1.660060e-09 +6.950000e+15 +3.350000e+17 +3.693500e+17 +4.0171e+11 +1.617000e+02 +1.404000e+02 +1.292000e+02 +2.542850e+03 +2.053489e-10 +1.675250e-10 +1.077424e-11 +7.058821e-44 +2.057090e+02
+1.100000e+05 +1.000000e-11 +1.000000e-11 +1.490000e-09 +1.490067e-09 +6.040000e+15 +3.910000e+17 +4.280800e+17 +3.5944e+11 +1.584000e+02 +1.382000e+02 +1.273000e+02 +2.031530e+03 +1.785067e-10 +1.469050e-10 +8.837587e-12 +2.779929e-45 +2.038098e+02
+1.090000e+05 +1.000000e-11 +1.000000e-11 +1.350000e-09 +1.350074e-09 +5.350000e+15 +4.530000e+17 +4.932200e+17 +3.2263e+11 +1.562000e+02 +1.363000e+02 +1.265000e+02 +1.580831e+03 +1.545203e-10 +1.276818e-10 +7.152541e-12 +9.564088e-47 +2.028820e+02
+1.080000e+05 +1.000000e-11 +1.000000e-11 +1.210000e-09 +1.210083e-09 +5.260000e+15 +5.220000e+17 +5.663400e+17 +2.8756e+11 +1.552000e+02 +1.344000e+02 +1.267000e+02 +1.210502e+03 +1.340479e-10 +1.103537e-10 +5.729055e-12 +2.869193e-48 +2.028745e+02
+1.070000e+05 +1.000000e-11 +1.000000e-11 +1.090000e-09 +1.090092e-09 +5.010000e+15 +6.030000e+17 +6.518100e+17 +2.5543e+11 +1.542000e+02 +1.327000e+02 +1.270000e+02 +9.433050e+02 +1.173042e-10 +9.633681e-11 +4.611721e-12 +7.582995e-50 +2.029400e+02
+1.060000e+05 +1.000000e-11 +1.000000e-11 +9.900000e-10 +9.901010e-10 +4.560000e+15 +6.960000e+17 +7.494600e+17 +2.2746e+11 +1.534000e+02 +1.312000e+02 +1.273000e+02 +7.541860e+02 +1.041542e-10 +8.533434e-11 +3.746727e-12 +1.763792e-51 +2.029998e+02
+1.050000e+05 +1.000000e-11 +1.000000e-11 +8.900000e-10 +8.901124e-10 +3.870000e+15 +8.040000e+17 +8.625700e+17 +2.0485e+11 +1.525000e+02 +1.298000e+02 +1.276000e+02 +6.211090e+02 +9.377168e-11 +7.674056e-11 +3.072973e-12 +3.591756e-53 +2.030641e+02
+1.040000e+05 +1.000000e-11 +1.000000e-11 +8.000000e-10 +8.001250e-10 +3.500000e+15 +9.300000e+17 +9.947000e+17 +1.8589e+11 +1.515000e+02 +1.286000e+02 +1.277000e+02 +5.250705e+02 +8.545537e-11 +6.999722e-11 +2.541128e-12 +6.358948e-55 +2.030089e+02
+1.030000e+05 +1.000000e-11 +1.000000e-11 +7.200000e-10 +7.201389e-10 +3.440000e+15 +1.080000e+18 +1.152040e+18 +1.6854e+11 +1.503000e+02 +1.275000e+02 +1.275000e+02 +4.530505e+02 +7.853105e-11 +6.450841e-11 +2.109747e-12 +9.689079e-57 +2.027408e+02
+1.020000e+05 +1.000000e-11 +1.000000e-11 +6.500000e-10 +6.501538e-10 +3.280000e+15 +1.250000e+18 +1.329980e+18 +1.5354e+11 +1.492000e+02 +1.266000e+02 +1.274000e+02 +3.960354e+02 +7.269899e-11 +5.993288e-11 +1.754062e-12 +1.259493e-58 +2.025571e+02
+1.010000e+05 +1.000000e-11 +1.000000e-11 +5.800000e-10 +5.801724e-10 +2.970000e+15 +1.450000e+18 +1.538570e+18 +1.4163e+11 +1.482000e+02 +1.260000e+02 +1.273000e+02 +3.490238e+02 +6.763104e-11 +5.604262e-11 +1.457453e-12 +1.385047e-60 +2.023667e+02
+1.000000e+05 +1.000000e-11 +1.000000e-11 +5.300000e-10 +5.301886e-10 +2.500000e+15 +1.680000e+18 +1.778000e+18 +1.3353e+11 +1.472000e+02 +1.254000e+02 +1.272000e+02 +3.080148e+02 +6.295566e-11 +5.242952e-11 +1.202546e-12 +1.271794e-62 +2.021814e+02
