z         (m) x         O2+ x        CO2+ x          O+
+4.000000e+05 +5.457025e-01 +1.351747e-04 +4.541623e-01
+3.990000e+05 +5.460640e-01 +1.400665e-04 +4.537961e-01
+3.980000e+05 +5.464251e-01 +1.451353e-04 +4.534297e-01
+3.970000e+05 +5.467863e-01 +1.503874e-04 +4.530634e-01
+3.960000e+05 +5.471472e-01 +1.558295e-04 +4.526969e-01
+3.950000e+05 +5.475080e-01 +1.614684e-04 +4.523305e-01
+3.940000e+05 +5.478686e-01 +1.673112e-04 +4.519640e-01
+3.930000e+05 +5.482291e-01 +1.733653e-04 +4.515975e-01
+3.920000e+05 +5.485893e-01 +1.796383e-04 +4.512310e-01
+3.910000e+05 +5.489495e-01 +1.861382e-04 +4.508644e-01
+3.900000e+05 +5.493094e-01 +1.928731e-04 +4.504978e-01
+3.890000e+05 +5.496691e-01 +1.998515e-04 +4.501310e-01
+3.880000e+05 +5.500286e-01 +2.070822e-04 +4.497643e-01
+3.870000e+05 +5.503879e-01 +2.145744e-04 +4.493975e-01
+3.860000e+05 +5.507471e-01 +2.223375e-04 +4.490306e-01
+3.850000e+05 +5.511059e-01 +2.303813e-04 +4.486636e-01
+3.840000e+05 +5.514646e-01 +2.387159e-04 +4.482967e-01
+3.830000e+05 +5.518230e-01 +2.473517e-04 +4.479296e-01
+3.820000e+05 +5.521813e-01 +2.562998e-04 +4.475624e-01
+3.810000e+05 +5.525392e-01 +2.655714e-04 +4.471951e-01
+3.800000e+05 +5.528970e-01 +2.751781e-04 +4.468278e-01
+3.790000e+05 +5.532545e-01 +2.851321e-04 +4.464604e-01
+3.780000e+05 +5.536116e-01 +2.954459e-04 +4.460929e-01
+3.770000e+05 +5.539686e-01 +3.061324e-04 +4.457253e-01
+3.760000e+05 +5.543252e-01 +3.172053e-04 +4.453575e-01
+3.750000e+05 +5.546816e-01 +3.286783e-04 +4.449897e-01
+3.740000e+05 +5.550377e-01 +3.405660e-04 +4.446218e-01
+3.730000e+05 +5.553934e-01 +3.528832e-04 +4.442537e-01
+3.720000e+05 +5.557487e-01 +3.656455e-04 +4.438853e-01
+3.710000e+05 +5.561041e-01 +3.788693e-04 +4.435172e-01
+3.700000e+05 +5.564586e-01 +3.925705e-04 +4.431485e-01
+3.690000e+05 +5.568133e-01 +4.067672e-04 +4.427800e-01
+3.680000e+05 +5.571672e-01 +4.214765e-04 +4.424111e-01
+3.670000e+05 +5.575208e-01 +4.367174e-04 +4.420421e-01
+3.660000e+05 +5.578743e-01 +4.525090e-04 +4.416731e-01
+3.650000e+05 +5.582271e-01 +4.688710e-04 +4.413037e-01
+3.640000e+05 +5.585797e-01 +4.858242e-04 +4.409343e-01
+3.630000e+05 +5.589318e-01 +5.033897e-04 +4.405645e-01
+3.620000e+05 +5.592836e-01 +5.215897e-04 +4.401947e-01
+3.610000e+05 +5.596347e-01 +5.404471e-04 +4.398246e-01
+3.600000e+05 +5.599857e-01 +5.599857e-04 +4.394543e-01
+3.590000e+05 +5.603360e-01 +5.802298e-04 +4.390838e-01
+3.580000e+05 +5.606858e-01 +6.012050e-04 +4.387130e-01
+3.570000e+05 +5.610352e-01 +6.229377e-04 +4.383420e-01
+3.560000e+05 +5.613840e-01 +6.454552e-04 +4.379707e-01
+3.550000e+05 +5.617323e-01 +6.687857e-04 +4.375991e-01
+3.540000e+05 +5.620798e-01 +6.929582e-04 +4.372271e-01
+3.530000e+05 +5.624270e-01 +7.180038e-04 +4.368550e-01
+3.520000e+05 +5.627736e-01 +7.439536e-04 +4.364826e-01
+3.510000e+05 +5.631196e-01 +7.708400e-04 +4.361098e-01
+3.500000e+05 +5.634647e-01 +7.986966e-04 +4.357365e-01
+3.490000e+05 +5.638095e-01 +8.275591e-04 +4.353631e-01
+3.480000e+05 +5.641534e-01 +8.574630e-04 +4.349893e-01
+3.470000e+05 +5.644966e-01 +8.884459e-04 +4.346150e-01
+3.460000e+05 +5.648391e-01 +9.205469e-04 +4.342403e-01
+3.450000e+05 +5.651808e-01 +9.538062e-04 +4.338653e-01
+3.440000e+05 +5.655220e-01 +9.882657e-04 +4.334899e-01
+3.430000e+05 +5.658621e-01 +1.023968e-03 +4.331139e-01
+3.420000e+05 +5.662015e-01 +1.060958e-03 +4.327376e-01
+3.410000e+05 +5.665400e-01 +1.099283e-03 +4.323607e-01
+3.400000e+05 +5.668777e-01 +1.138989e-03 +4.319834e-01
+3.390000e+05 +5.672144e-01 +1.180128e-03 +4.316055e-01
+3.380000e+05 +5.675502e-01 +1.222750e-03 +4.312271e-01
+3.370000e+05 +5.678850e-01 +1.266909e-03 +4.308481e-01
+3.360000e+05 +5.682188e-01 +1.312659e-03 +4.304686e-01
+3.350000e+05 +5.685516e-01 +1.360059e-03 +4.300884e-01
+3.340000e+05 +5.688833e-01 +1.409167e-03 +4.297076e-01
+3.330000e+05 +5.692138e-01 +1.460045e-03 +4.293262e-01
+3.320000e+05 +5.695432e-01 +1.512757e-03 +4.289441e-01
+3.310000e+05 +5.698713e-01 +1.567367e-03 +4.285612e-01
+3.300000e+05 +5.701983e-01 +1.623945e-03 +4.281777e-01
+3.290000e+05 +5.705240e-01 +1.682561e-03 +4.277934e-01
+3.280000e+05 +5.708484e-01 +1.743289e-03 +4.274083e-01
+3.270000e+05 +5.711714e-01 +1.806203e-03 +4.270224e-01
+3.260000e+05 +5.714930e-01 +1.871382e-03 +4.266356e-01
+3.250000e+05 +5.718131e-01 +1.938908e-03 +4.262480e-01
+3.240000e+05 +5.721317e-01 +2.008864e-03 +4.258595e-01
+3.230000e+05 +5.724487e-01 +2.081338e-03 +4.254700e-01
+3.220000e+05 +5.727641e-01 +2.156420e-03 +4.250795e-01
+3.210000e+05 +5.730778e-01 +2.234203e-03 +4.246880e-01
+3.200000e+05 +5.733897e-01 +2.314784e-03 +4.242955e-01
+3.190000e+05 +5.736999e-01 +2.398264e-03 +4.239019e-01
+3.180000e+05 +5.740085e-01 +2.484746e-03 +4.235073e-01
+3.170000e+05 +5.743146e-01 +2.574335e-03 +4.231111e-01
+3.160000e+05 +5.746188e-01 +2.667144e-03 +4.227139e-01
+3.150000e+05 +5.749210e-01 +2.763289e-03 +4.223153e-01
+3.140000e+05 +5.752213e-01 +2.862890e-03 +4.219157e-01
+3.130000e+05 +5.755194e-01 +2.966069e-03 +4.215148e-01
+3.120000e+05 +5.758148e-01 +3.072950e-03 +4.211120e-01
+3.110000e+05 +5.761080e-01 +3.183671e-03 +4.207080e-01
+3.100000e+05 +5.763992e-01 +3.298368e-03 +4.203028e-01
+3.090000e+05 +5.766872e-01 +3.417178e-03 +4.198956e-01
+3.080000e+05 +5.769727e-01 +3.540251e-03 +4.194868e-01
+3.070000e+05 +5.772557e-01 +3.667740e-03 +4.190765e-01
+3.060000e+05 +5.775360e-01 +3.799801e-03 +4.186645e-01
+3.050000e+05 +5.778129e-01 +3.936594e-03 +4.182504e-01
+3.040000e+05 +5.780870e-01 +4.078289e-03 +4.178346e-01
+3.030000e+05 +5.783580e-01 +4.225063e-03 +4.174169e-01
+3.020000e+05 +5.786257e-01 +4.377092e-03 +4.169971e-01
+3.010000e+05 +5.788903e-01 +4.534565e-03 +4.165753e-01
+3.000000e+05 +5.791510e-01 +4.697672e-03 +4.161512e-01
+2.990000e+05 +5.794083e-01 +4.866616e-03 +4.157249e-01
+2.980000e+05 +5.796620e-01 +5.041605e-03 +4.152965e-01
+2.970000e+05 +5.799116e-01 +5.222847e-03 +4.148655e-01
+2.960000e+05 +5.801574e-01 +5.410568e-03 +4.144321e-01
+2.950000e+05 +5.803990e-01 +5.604994e-03 +4.139960e-01
+2.940000e+05 +5.806363e-01 +5.806363e-03 +4.135574e-01
+2.930000e+05 +5.808692e-01 +6.014920e-03 +4.131159e-01
+2.920000e+05 +5.810975e-01 +6.230918e-03 +4.126717e-01
+2.910000e+05 +5.813209e-01 +6.454617e-03 +4.122244e-01
+2.900000e+05 +5.815395e-01 +6.686291e-03 +4.117740e-01
+2.890000e+05 +5.817532e-01 +6.926221e-03 +4.113207e-01
+2.880000e+05 +5.819614e-01 +7.174693e-03 +4.108639e-01
+2.870000e+05 +5.821643e-01 +7.432008e-03 +4.104038e-01
+2.860000e+05 +5.823614e-01 +7.698475e-03 +4.099402e-01
+2.850000e+05 +5.825527e-01 +7.974416e-03 +4.094729e-01
+2.840000e+05 +5.827380e-01 +8.260161e-03 +4.090019e-01
+2.830000e+05 +5.829169e-01 +8.556051e-03 +4.085269e-01
+2.820000e+05 +5.830895e-01 +8.862442e-03 +4.080480e-01
+2.810000e+05 +5.832554e-01 +9.179700e-03 +4.075650e-01
+2.800000e+05 +5.834143e-01 +9.508199e-03 +4.070776e-01
+2.790000e+05 +5.835660e-01 +9.848332e-03 +4.065858e-01
+2.780000e+05 +5.837102e-01 +1.020050e-02 +4.060893e-01
+2.770000e+05 +5.838468e-01 +1.056512e-02 +4.055881e-01
+2.760000e+05 +5.839754e-01 +1.094263e-02 +4.050819e-01
+2.750000e+05 +5.840958e-01 +1.133347e-02 +4.045708e-01
+2.740000e+05 +5.842077e-01 +1.173809e-02 +4.040542e-01
+2.730000e+05 +5.843107e-01 +1.215698e-02 +4.035323e-01
+2.720000e+05 +5.844046e-01 +1.259062e-02 +4.030047e-01
+2.710000e+05 +5.844891e-01 +1.303951e-02 +4.024714e-01
+2.700000e+05 +5.845638e-01 +1.350418e-02 +4.019319e-01
+2.690000e+05 +5.846284e-01 +1.398517e-02 +4.013863e-01
+2.680000e+05 +5.846827e-01 +1.448304e-02 +4.008343e-01
+2.670000e+05 +5.847260e-01 +1.499835e-02 +4.002756e-01
+2.660000e+05 +5.847582e-01 +1.553169e-02 +3.997101e-01
+2.650000e+05 +5.847789e-01 +1.608369e-02 +3.991374e-01
+2.640000e+05 +5.847876e-01 +1.665496e-02 +3.985575e-01
+2.630000e+05 +5.847839e-01 +1.724616e-02 +3.979699e-01
+2.620000e+05 +5.847674e-01 +1.785795e-02 +3.973746e-01
+2.610000e+05 +5.847379e-01 +1.849104e-02 +3.967712e-01
+2.600000e+05 +5.846944e-01 +1.914611e-02 +3.961594e-01
+2.590000e+05 +5.846372e-01 +1.982392e-02 +3.955392e-01
+2.580000e+05 +5.845651e-01 +2.052520e-02 +3.949098e-01
+2.570000e+05 +5.844778e-01 +2.125074e-02 +3.942713e-01
+2.560000e+05 +5.843753e-01 +2.200136e-02 +3.936235e-01
+2.550000e+05 +5.842565e-01 +2.277784e-02 +3.929658e-01
+2.540000e+05 +5.841208e-01 +2.358106e-02 +3.922978e-01
+2.530000e+05 +5.839684e-01 +2.441189e-02 +3.916198e-01
+2.520000e+05 +5.837980e-01 +2.527122e-02 +3.909308e-01
+2.510000e+05 +5.836093e-01 +2.615998e-02 +3.902308e-01
+2.500000e+05 +5.834016e-01 +2.707911e-02 +3.895194e-01
+2.490000e+05 +5.831745e-01 +2.802959e-02 +3.887962e-01
+2.480000e+05 +5.829268e-01 +2.901240e-02 +3.880606e-01
+2.470000e+05 +5.826587e-01 +3.002862e-02 +3.873127e-01
+2.460000e+05 +5.823688e-01 +3.107927e-02 +3.865518e-01
+2.450000e+05 +5.820570e-01 +3.216546e-02 +3.857777e-01
+2.440000e+05 +5.817221e-01 +3.328828e-02 +3.849898e-01
+2.430000e+05 +5.813634e-01 +3.444887e-02 +3.841876e-01
+2.420000e+05 +5.809806e-01 +3.564843e-02 +3.833711e-01
+2.410000e+05 +5.805724e-01 +3.688814e-02 +3.825394e-01
+2.400000e+05 +5.801384e-01 +3.816924e-02 +3.816924e-01
+2.390000e+05 +5.796777e-01 +3.949298e-02 +3.808294e-01
+2.380000e+05 +5.791893e-01 +4.086066e-02 +3.799500e-01
+2.370000e+05 +5.609843e-01 +4.231993e-02 +3.966958e-01
+2.360000e+05 +5.876181e-01 +4.546548e-02 +3.669163e-01
+2.350000e+05 +6.093430e-01 +4.819813e-02 +3.424589e-01
+2.340000e+05 +6.289351e-01 +5.072270e-02 +3.203422e-01
+2.330000e+05 +6.441303e-01 +5.369081e-02 +3.021789e-01
+2.320000e+05 +6.584808e-01 +5.659165e-02 +2.849274e-01
+2.310000e+05 +6.689457e-01 +6.017801e-02 +2.708763e-01
+2.300000e+05 +6.787430e-01 +6.414324e-02 +2.571138e-01
+2.290000e+05 +6.930848e-01 +6.693060e-02 +2.399845e-01
+2.280000e+05 +7.058298e-01 +7.002110e-02 +2.241492e-01
+2.270000e+05 +7.166272e-01 +7.301447e-02 +2.103583e-01
+2.260000e+05 +7.269572e-01 +7.576280e-02 +1.972799e-01
+2.250000e+05 +7.422106e-01 +7.668535e-02 +1.811040e-01
+2.240000e+05 +7.556077e-01 +7.795938e-02 +1.664329e-01
+2.230000e+05 +7.675066e-01 +7.939656e-02 +1.530969e-01
+2.220000e+05 +7.753095e-01 +8.114609e-02 +1.435444e-01
+2.210000e+05 +7.817403e-01 +8.304182e-02 +1.352179e-01
+2.200000e+05 +7.872593e-01 +8.535206e-02 +1.273886e-01
+2.190000e+05 +7.924052e-01 +8.750611e-02 +1.200886e-01
+2.180000e+05 +7.957850e-01 +8.987083e-02 +1.143442e-01
+2.170000e+05 +7.969052e-01 +9.280990e-02 +1.102849e-01
+2.160000e+05 +7.979519e-01 +9.555627e-02 +1.064918e-01
+2.150000e+05 +7.989323e-01 +9.812830e-02 +1.029394e-01
+2.140000e+05 +8.010525e-01 +9.968602e-02 +9.926153e-02
+2.130000e+05 +8.045295e-01 +1.007663e-01 +9.470415e-02
+2.120000e+05 +8.077811e-01 +1.017764e-01 +9.044248e-02
+2.110000e+05 +8.108283e-01 +1.027231e-01 +8.644861e-02
+2.100000e+05 +8.134970e-01 +1.043275e-01 +8.217548e-02
+2.090000e+05 +8.177773e-01 +1.064931e-01 +7.572964e-02
+2.080000e+05 +8.215933e-01 +1.084237e-01 +6.998303e-02
+2.070000e+05 +8.247768e-01 +1.104143e-01 +6.480888e-02
+2.060000e+05 +8.314589e-01 +1.099882e-01 +5.855293e-02
+2.050000e+05 +8.373106e-01 +1.095576e-01 +5.313180e-02
+2.040000e+05 +8.426346e-01 +1.092136e-01 +4.815206e-02
+2.030000e+05 +8.464464e-01 +1.099733e-01 +4.358043e-02
+2.020000e+05 +8.491369e-01 +1.111513e-01 +3.971168e-02
+2.010000e+05 +8.484710e-01 +1.145524e-01 +3.697620e-02
+2.000000e+05 +8.470603e-01 +1.190072e-01 +3.393269e-02
+1.990000e+05 +8.458042e-01 +1.231944e-01 +3.100149e-02
+1.980000e+05 +8.446296e-01 +1.271232e-01 +2.824704e-02
+1.970000e+05 +8.434465e-01 +1.307600e-01 +2.579331e-02
+1.960000e+05 +8.421787e-01 +1.341653e-01 +2.365632e-02
+1.950000e+05 +8.411085e-01 +1.372498e-01 +2.164168e-02
+1.940000e+05 +8.405813e-01 +1.396542e-01 +1.976475e-02
+1.930000e+05 +8.393685e-01 +1.418145e-01 +1.881704e-02
+1.920000e+05 +8.375591e-01 +1.445364e-01 +1.790427e-02
+1.910000e+05 +8.331593e-01 +1.498563e-01 +1.698413e-02
+1.900000e+05 +8.290081e-01 +1.548757e-01 +1.611597e-02
+1.890000e+05 +8.254072e-01 +1.593660e-01 +1.522692e-02
+1.880000e+05 +8.223073e-01 +1.633957e-01 +1.429677e-02
+1.870000e+05 +8.193851e-01 +1.671951e-01 +1.341982e-02
+1.860000e+05 +8.166249e-01 +1.707833e-01 +1.259160e-02
+1.850000e+05 +8.138696e-01 +1.741465e-01 +1.198381e-02
+1.840000e+05 +8.121984e-01 +1.763554e-01 +1.144626e-02
+1.830000e+05 +8.113491e-01 +1.777505e-01 +1.090036e-02
+1.820000e+05 +8.105566e-01 +1.790525e-01 +1.039091e-02
+1.810000e+05 +8.097946e-01 +1.802657e-01 +9.939527e-03
+1.800000e+05 +8.115670e-01 +1.790386e-01 +9.394372e-03
+1.790000e+05 +8.139360e-01 +1.772043e-01 +8.859601e-03
+1.780000e+05 +8.161292e-01 +1.755381e-01 +8.332716e-03
+1.770000e+05 +8.167414e-01 +1.753801e-01 +7.878584e-03
+1.760000e+05 +8.157627e-01 +1.767192e-01 +7.517980e-03
+1.750000e+05 +8.145688e-01 +1.782583e-01 +7.172750e-03
+1.740000e+05 +8.132624e-01 +1.798949e-01 +6.842823e-03
+1.730000e+05 +8.139538e-01 +1.795860e-01 +6.460192e-03
+1.720000e+05 +8.161964e-01 +1.777547e-01 +6.049041e-03
+1.710000e+05 +8.176573e-01 +1.766765e-01 +5.666176e-03
+1.700000e+05 +8.181571e-01 +1.764995e-01 +5.343489e-03
+1.690000e+05 +8.188827e-01 +1.760511e-01 +5.066322e-03
+1.680000e+05 +8.160722e-01 +1.791501e-01 +4.777595e-03
+1.670000e+05 +8.133390e-01 +1.821545e-01 +4.506414e-03
+1.660000e+05 +8.108349e-01 +1.849121e-01 +4.252902e-03
+1.650000e+05 +8.085917e-01 +1.873900e-01 +4.018143e-03
+1.640000e+05 +8.077297e-01 +1.884927e-01 +3.777650e-03
+1.630000e+05 +8.069408e-01 +1.895017e-01 +3.557594e-03
+1.620000e+05 +8.061509e-01 +1.904746e-01 +3.374631e-03
+1.610000e+05 +8.057460e-01 +1.910533e-01 +3.200728e-03
+1.600000e+05 +8.066092e-01 +1.903695e-01 +3.021243e-03
+1.590000e+05 +8.072578e-01 +1.898828e-01 +2.859479e-03
+1.580000e+05 +8.061634e-01 +1.911197e-01 +2.716796e-03
+1.570000e+05 +8.049481e-01 +1.924679e-01 +2.584143e-03
+1.560000e+05 +8.038217e-01 +1.937177e-01 +2.460513e-03
+1.550000e+05 +8.027748e-01 +1.948796e-01 +2.345587e-03
+1.540000e+05 +8.003586e-01 +1.974069e-01 +2.234455e-03
+1.530000e+05 +7.949096e-01 +2.029476e-01 +2.142718e-03
+1.520000e+05 +7.894867e-01 +2.084586e-01 +2.054804e-03
+1.510000e+05 +7.843499e-01 +2.136796e-01 +1.970544e-03
+1.500000e+05 +7.794838e-01 +2.186348e-01 +1.881469e-03
+1.490000e+05 +7.756953e-01 +2.225318e-01 +1.773039e-03
+1.480000e+05 +7.742858e-01 +2.240594e-01 +1.654725e-03
+1.470000e+05 +7.729771e-01 +2.254781e-01 +1.544854e-03
+1.460000e+05 +7.717536e-01 +2.267976e-01 +1.448810e-03
+1.450000e+05 +7.718442e-01 +2.268036e-01 +1.352121e-03
+1.440000e+05 +7.727323e-01 +2.260096e-01 +1.258151e-03
+1.430000e+05 +7.735527e-01 +2.252778e-01 +1.169439e-03
+1.420000e+05 +7.743137e-01 +2.246014e-01 +1.084868e-03
+1.410000e+05 +7.734668e-01 +2.255198e-01 +1.013347e-03
+1.400000e+05 +7.726258e-01 +2.264285e-01 +9.460942e-04
+1.390000e+05 +7.718362e-01 +2.272883e-01 +8.753879e-04
+1.380000e+05 +7.736038e-01 +2.255872e-01 +8.094252e-04
+1.370000e+05 +7.767987e-01 +2.224525e-01 +7.486188e-04
+1.360000e+05 +7.798713e-01 +2.194433e-01 +6.852597e-04
+1.350000e+05 +7.828265e-01 +2.165515e-01 +6.222041e-04
+1.340000e+05 +7.863714e-01 +2.130667e-01 +5.617893e-04
+1.330000e+05 +7.907485e-01 +2.087496e-01 +5.023113e-04
+1.320000e+05 +7.949669e-01 +2.045907e-01 +4.425690e-04
+1.310000e+05 +8.014027e-01 +1.982110e-01 +3.861132e-04
+1.300000e+05 +8.108577e-01 +1.888076e-01 +3.350250e-04
+1.290000e+05 +8.201054e-01 +1.796063e-01 +2.882656e-04
+1.280000e+05 +8.305253e-01 +1.692273e-01 +2.473519e-04
+1.270000e+05 +8.426007e-01 +1.571848e-01 +2.148480e-04
+1.260000e+05 +8.550012e-01 +1.448163e-01 +1.822880e-04
+1.250000e+05 +8.686297e-01 +1.312178e-01 +1.525372e-04
+1.240000e+05 +8.783309e-01 +1.215391e-01 +1.297842e-04
+1.230000e+05 +8.888499e-01 +1.110445e-01 +1.057399e-04
+1.220000e+05 +8.986812e-01 +1.012343e-01 +8.455083e-05
+1.210000e+05 +9.095244e-01 +9.040413e-02 +7.155567e-05
+1.200000e+05 +9.201374e-01 +7.980319e-02 +5.947867e-05
+1.190000e+05 +9.320683e-01 +6.788397e-02 +4.771344e-05
+1.180000e+05 +9.438222e-01 +5.614108e-02 +3.673200e-05
+1.170000e+05 +9.520736e-01 +4.789904e-02 +2.741115e-05
+1.160000e+05 +9.586612e-01 +4.131542e-02 +2.343157e-05
+1.150000e+05 +9.611251e-01 +3.885638e-02 +1.841965e-05
+1.140000e+05 +9.523583e-01 +4.761791e-02 +2.380896e-05
+1.130000e+05 +9.523711e-01 +4.761856e-02 +1.046173e-05
+1.120000e+05 +9.523767e-01 +4.761884e-02 +4.596879e-06
+1.110000e+05 +9.523787e-01 +4.761894e-02 +2.019859e-06
+1.100000e+05 +9.523803e-01 +4.761902e-02 +8.875217e-07
+1.090000e+05 +9.523805e-01 +4.761903e-02 +3.899745e-07
+1.080000e+05 +9.523808e-01 +4.761904e-02 +1.713537e-07
+1.070000e+05 +9.523810e-01 +4.761905e-02 +7.529233e-08
+1.060000e+05 +9.523809e-01 +4.761904e-02 +3.308322e-08
+1.050000e+05 +9.523811e-01 +4.761906e-02 +1.453667e-08
+1.040000e+05 +9.523812e-01 +4.761906e-02 +6.387372e-09
+1.030000e+05 +9.523812e-01 +4.761906e-02 +2.806593e-09
+1.020000e+05 +9.523810e-01 +4.761905e-02 +1.233208e-09
+1.010000e+05 +9.523810e-01 +4.761905e-02 +5.418681e-10
+1.000000e+05 +9.523810e-01 +4.761905e-02 +2.380952e-10
