z         (m) x         O2+ x        CO2+ x          O+
+4.000000e+05 +1.404280e-03 +3.478508e-07 +1.168715e-03
+3.990000e+05 +1.448398e-03 +3.715170e-07 +1.203663e-03
+3.980000e+05 +1.494261e-03 +3.968889e-07 +1.239955e-03
+3.970000e+05 +1.541911e-03 +4.240855e-07 +1.277617e-03
+3.960000e+05 +1.589109e-03 +4.525840e-07 +1.314792e-03
+3.950000e+05 +1.639330e-03 +4.834633e-07 +1.354353e-03
+3.940000e+05 +1.690336e-03 +5.162043e-07 +1.394442e-03
+3.930000e+05 +1.742193e-03 +5.509297e-07 +1.435112e-03
+3.920000e+05 +1.797298e-03 +5.885340e-07 +1.478331e-03
+3.910000e+05 +1.852155e-03 +6.280300e-07 +1.521216e-03
+3.900000e+05 +1.910421e-03 +6.707853e-07 +1.566768e-03
+3.890000e+05 +1.969749e-03 +7.161714e-07 +1.613053e-03
+3.880000e+05 +2.031438e-03 +7.648234e-07 +1.661129e-03
+3.870000e+05 +2.094296e-03 +8.164830e-07 +1.710015e-03
+3.860000e+05 +2.159661e-03 +8.718590e-07 +1.760798e-03
+3.850000e+05 +2.227594e-03 +9.312112e-07 +1.813518e-03
+3.840000e+05 +2.296929e-03 +9.942856e-07 +1.867219e-03
+3.830000e+05 +2.367727e-03 +1.061321e-06 +1.921948e-03
+3.820000e+05 +2.442617e-03 +1.133762e-06 +1.979827e-03
+3.810000e+05 +2.517829e-03 +1.210164e-06 +2.037794e-03
+3.800000e+05 +2.597342e-03 +1.292703e-06 +2.099061e-03
+3.790000e+05 +2.678673e-03 +1.380515e-06 +2.161612e-03
+3.780000e+05 +2.765852e-03 +1.476052e-06 +2.228687e-03
+3.770000e+05 +2.842938e-03 +1.571056e-06 +2.287439e-03
+3.760000e+05 +2.936840e-03 +1.680568e-06 +2.359524e-03
+3.750000e+05 +3.034331e-03 +1.798002e-06 +2.434272e-03
+3.740000e+05 +3.121723e-03 +1.915460e-06 +2.500706e-03
+3.730000e+05 +3.226669e-03 +2.050146e-06 +2.580980e-03
+3.720000e+05 +3.321488e-03 +2.185318e-06 +2.652926e-03
+3.710000e+05 +3.420233e-03 +2.330177e-06 +2.727784e-03
+3.700000e+05 +3.537237e-03 +2.495451e-06 +2.816960e-03
+3.690000e+05 +3.644228e-03 +2.662208e-06 +2.897904e-03
+3.680000e+05 +3.755512e-03 +2.840907e-06 +2.982014e-03
+3.670000e+05 +3.871234e-03 +3.032416e-06 +3.069389e-03
+3.660000e+05 +3.991587e-03 +3.237699e-06 +3.160168e-03
+3.650000e+05 +4.116600e-03 +3.457651e-06 +3.254358e-03
+3.640000e+05 +4.246304e-03 +3.693219e-06 +3.351967e-03
+3.630000e+05 +4.381074e-03 +3.945718e-06 +3.453276e-03
+3.620000e+05 +4.505872e-03 +4.202192e-06 +3.546432e-03
+3.610000e+05 +4.651174e-03 +4.491703e-06 +3.655421e-03
+3.600000e+05 +4.786668e-03 +4.786668e-06 +3.756385e-03
+3.590000e+05 +4.943227e-03 +5.118728e-06 +3.873552e-03
+3.580000e+05 +5.090125e-03 +5.457974e-06 +3.982808e-03
+3.570000e+05 +5.243008e-03 +5.821502e-06 +4.096410e-03
+3.560000e+05 +5.402004e-03 +6.210992e-06 +4.214441e-03
+3.550000e+05 +5.567403e-03 +6.628423e-06 +4.337102e-03
+3.540000e+05 +5.739411e-03 +7.075814e-06 +4.464537e-03
+3.530000e+05 +5.918079e-03 +7.555120e-06 +4.596761e-03
+3.520000e+05 +6.103976e-03 +8.069097e-06 +4.734193e-03
+3.510000e+05 +6.280680e-03 +8.597463e-06 +4.864093e-03
+3.500000e+05 +6.481143e-03 +9.186853e-06 +5.011975e-03
+3.490000e+05 +6.672698e-03 +9.794181e-06 +5.152533e-03
+3.480000e+05 +6.888809e-03 +1.047038e-05 +5.311602e-03
+3.470000e+05 +7.096458e-03 +1.116892e-05 +5.463677e-03
+3.460000e+05 +7.312441e-03 +1.191746e-05 +5.621701e-03
+3.450000e+05 +7.536976e-03 +1.271950e-05 +5.785816e-03
+3.440000e+05 +7.770646e-03 +1.357942e-05 +5.956438e-03
+3.430000e+05 +8.013242e-03 +1.450053e-05 +6.133379e-03
+3.420000e+05 +8.265667e-03 +1.548835e-05 +6.317300e-03
+3.410000e+05 +8.510218e-03 +1.651275e-05 +6.494658e-03
+3.400000e+05 +8.782324e-03 +1.764573e-05 +6.692481e-03
+3.390000e+05 +9.047401e-03 +1.882373e-05 +6.884360e-03
+3.380000e+05 +9.322754e-03 +2.008526e-05 +7.083469e-03
+3.370000e+05 +9.627636e-03 +2.147853e-05 +7.304382e-03
+3.360000e+05 +9.925700e-03 +2.292965e-05 +7.519465e-03
+3.350000e+05 +1.021724e-02 +2.444114e-05 +7.728966e-03
+3.340000e+05 +1.053736e-02 +2.610184e-05 +7.959424e-03
+3.330000e+05 +1.083267e-02 +2.778602e-05 +8.170478e-03
+3.320000e+05 +1.115909e-02 +2.963952e-05 +8.404322e-03
+3.310000e+05 +1.149862e-02 +3.162566e-05 +8.647322e-03
+3.300000e+05 +1.183278e-02 +3.370017e-05 +8.885559e-03
+3.290000e+05 +1.218076e-02 +3.592289e-05 +9.133440e-03
+3.280000e+05 +1.256166e-02 +3.836150e-05 +9.405225e-03
+3.270000e+05 +1.293860e-02 +4.091545e-05 +9.673230e-03
+3.260000e+05 +1.331132e-02 +4.358856e-05 +9.937274e-03
+3.250000e+05 +1.371859e-02 +4.651710e-05 +1.022629e-02
+3.240000e+05 +1.412278e-02 +4.958779e-05 +1.051213e-02
+3.230000e+05 +1.454343e-02 +5.287776e-05 +1.080934e-02
+3.220000e+05 +1.498100e-02 +5.640250e-05 +1.111822e-02
+3.210000e+05 +1.543613e-02 +6.017936e-05 +1.143918e-02
+3.200000e+05 +1.590946e-02 +6.422676e-05 +1.177264e-02
+3.190000e+05 +1.638173e-02 +6.848130e-05 +1.210432e-02
+3.180000e+05 +1.687312e-02 +7.303970e-05 +1.244910e-02
+3.170000e+05 +1.738423e-02 +7.792391e-05 +1.280738e-02
+3.160000e+05 +1.791562e-02 +8.315694e-05 +1.317949e-02
+3.150000e+05 +1.844822e-02 +8.866919e-05 +1.355137e-02
+3.140000e+05 +1.902300e-02 +9.467792e-05 +1.395307e-02
+3.130000e+05 +1.959818e-02 +1.010036e-04 +1.435385e-02
+3.120000e+05 +2.017817e-02 +1.076848e-04 +1.475695e-02
+3.110000e+05 +2.080097e-02 +1.149497e-04 +1.519009e-02
+3.100000e+05 +2.142805e-02 +1.226192e-04 +1.562506e-02
+3.090000e+05 +2.208081e-02 +1.308405e-04 +1.607740e-02
+3.080000e+05 +2.275801e-02 +1.396410e-04 +1.654616e-02
+3.070000e+05 +2.346475e-02 +1.490892e-04 +1.703495e-02
+3.060000e+05 +2.415320e-02 +1.589119e-04 +1.750901e-02
+3.050000e+05 +2.484067e-02 +1.692375e-04 +1.798094e-02
+3.040000e+05 +2.555794e-02 +1.803062e-04 +1.847298e-02
+3.030000e+05 +2.628228e-02 +1.919992e-04 +1.896864e-02
+3.020000e+05 +2.703817e-02 +2.045338e-04 +1.948554e-02
+3.010000e+05 +2.782422e-02 +2.179528e-04 +2.002259e-02
+3.000000e+05 +2.862027e-02 +2.321478e-04 +2.056521e-02
+2.990000e+05 +2.942731e-02 +2.471684e-04 +2.111407e-02
+2.980000e+05 +3.029086e-02 +2.634545e-04 +2.170177e-02
+2.970000e+05 +3.116769e-02 +2.807049e-04 +2.229719e-02
+2.960000e+05 +3.206048e-02 +2.989971e-04 +2.290221e-02
+2.950000e+05 +3.300935e-02 +3.187759e-04 +2.354543e-02
+2.940000e+05 +3.395525e-02 +3.395525e-04 +2.418458e-02
+2.930000e+05 +3.496155e-02 +3.620280e-04 +2.486476e-02
+2.920000e+05 +3.598656e-02 +3.858721e-04 +2.555618e-02
+2.910000e+05 +3.703391e-02 +4.112009e-04 +2.626136e-02
+2.900000e+05 +3.812187e-02 +4.383088e-04 +2.699317e-02
+2.890000e+05 +3.925617e-02 +4.673750e-04 +2.775554e-02
+2.880000e+05 +4.041284e-02 +4.982283e-04 +2.853141e-02
+2.870000e+05 +4.161659e-02 +5.312845e-04 +2.933813e-02
+2.860000e+05 +4.284964e-02 +5.664471e-04 +3.016304e-02
+2.850000e+05 +4.410909e-02 +6.037981e-04 +3.100402e-02
+2.840000e+05 +4.544300e-02 +6.441428e-04 +3.189474e-02
+2.830000e+05 +4.678639e-02 +6.867303e-04 +3.278941e-02
+2.820000e+05 +4.827457e-02 +7.337306e-04 +3.378271e-02
+2.810000e+05 +4.962031e-02 +7.809607e-04 +3.467349e-02
+2.800000e+05 +5.102342e-02 +8.315546e-04 +3.560162e-02
+2.790000e+05 +5.269978e-02 +8.893680e-04 +3.671732e-02
+2.780000e+05 +5.395990e-02 +9.429646e-04 +3.754010e-02
+2.770000e+05 +5.550602e-02 +1.004421e-03 +3.855906e-02
+2.760000e+05 +5.711329e-02 +1.070199e-03 +3.961736e-02
+2.750000e+05 +5.856514e-02 +1.136365e-03 +4.056482e-02
+2.740000e+05 +6.009280e-02 +1.207404e-03 +4.156185e-02
+2.730000e+05 +6.190358e-02 +1.287946e-03 +4.275139e-02
+2.720000e+05 +6.355371e-02 +1.369223e-03 +4.382656e-02
+2.710000e+05 +6.528504e-02 +1.456460e-03 +4.495440e-02
+2.700000e+05 +6.710071e-02 +1.550113e-03 +4.613682e-02
+2.690000e+05 +6.898110e-02 +1.650129e-03 +4.736011e-02
+2.680000e+05 +7.095015e-02 +1.757489e-03 +4.864049e-02
+2.670000e+05 +7.301051e-02 +1.872735e-03 +4.997952e-02
+2.660000e+05 +7.514372e-02 +1.995883e-03 +5.136431e-02
+2.650000e+05 +7.716228e-02 +2.122262e-03 +5.266667e-02
+2.640000e+05 +7.947271e-02 +2.263411e-03 +5.416402e-02
+2.630000e+05 +8.167486e-02 +2.408715e-03 +5.558317e-02
+2.620000e+05 +8.417545e-02 +2.570597e-03 +5.720084e-02
+2.610000e+05 +8.657550e-02 +2.737758e-03 +5.874542e-02
+2.600000e+05 +8.906833e-02 +2.916586e-03 +6.034820e-02
+2.590000e+05 +9.168020e-02 +3.108698e-03 +6.202668e-02
+2.580000e+05 +9.439396e-02 +3.314353e-03 +6.376895e-02
+2.570000e+05 +9.721289e-02 +3.534516e-03 +6.557692e-02
+2.560000e+05 +1.001624e-01 +3.771051e-03 +6.746740e-02
+2.550000e+05 +1.030165e-01 +4.016205e-03 +6.928800e-02
+2.540000e+05 +1.058844e-01 +4.274571e-03 +7.111238e-02
+2.530000e+05 +1.084211e-01 +4.532378e-03 +7.270918e-02
+2.520000e+05 +1.112787e-01 +4.816991e-03 +7.451599e-02
+2.510000e+05 +1.142730e-01 +5.122225e-03 +7.640871e-02
+2.500000e+05 +1.172079e-01 +5.440310e-03 +7.825614e-02
+2.490000e+05 +1.202720e-01 +5.780728e-03 +8.018402e-02
+2.480000e+05 +1.236852e-01 +6.155841e-03 +8.233854e-02
+2.470000e+05 +1.268256e-01 +6.536240e-03 +8.430519e-02
+2.460000e+05 +1.303251e-01 +6.955059e-03 +8.650429e-02
+2.450000e+05 +1.339753e-01 +7.403703e-03 +8.879660e-02
+2.440000e+05 +1.376091e-01 +7.874497e-03 +9.107112e-02
+2.430000e+05 +1.415759e-01 +8.389127e-03 +9.355891e-02
+2.420000e+05 +1.455254e-01 +8.929302e-03 +9.602769e-02
+2.410000e+05 +1.496506e-01 +9.508428e-03 +9.860483e-02
+2.400000e+05 +1.537741e-01 +1.011731e-02 +1.011731e-01
+2.390000e+05 +1.582576e-01 +1.078197e-02 +1.039701e-01
+2.380000e+05 +1.627566e-01 +1.148216e-02 +1.067689e-01
+2.370000e+05 +1.643297e-01 +1.239682e-02 +1.162045e-01
+2.360000e+05 +1.718748e-01 +1.329838e-02 +1.073208e-01
+2.350000e+05 +1.793659e-01 +1.418758e-02 +1.008060e-01
+2.340000e+05 +1.865804e-01 +1.504744e-02 +9.503298e-02
+2.330000e+05 +1.906747e-01 +1.589349e-02 +8.945065e-02
+2.320000e+05 +1.935706e-01 +1.663599e-02 +8.375879e-02
+2.310000e+05 +1.961691e-01 +1.764727e-02 +7.943476e-02
+2.300000e+05 +1.988247e-01 +1.878953e-02 +7.531655e-02
+2.290000e+05 +2.059932e-01 +1.989259e-02 +7.132632e-02
+2.280000e+05 +2.129721e-01 +2.112767e-02 +6.763317e-02
+2.270000e+05 +2.200413e-01 +2.241919e-02 +6.459079e-02
+2.260000e+05 +2.268088e-01 +2.363780e-02 +6.155082e-02
+2.250000e+05 +2.403756e-01 +2.483565e-02 +5.865314e-02
+2.240000e+05 +2.537059e-01 +2.617596e-02 +5.588218e-02
+2.230000e+05 +2.663338e-01 +2.755154e-02 +5.312641e-02
+2.220000e+05 +2.763512e-01 +2.892370e-02 +5.116493e-02
+2.210000e+05 +2.848230e-01 +3.025585e-02 +4.926593e-02
+2.200000e+05 +2.927738e-01 +3.174157e-02 +4.737454e-02
+2.190000e+05 +3.008637e-01 +3.322469e-02 +4.559575e-02
+2.180000e+05 +3.085148e-01 +3.484168e-02 +4.432968e-02
+2.170000e+05 +3.155194e-01 +3.674630e-02 +4.366521e-02
+2.160000e+05 +3.220963e-01 +3.857165e-02 +4.298580e-02
+2.150000e+05 +3.288661e-01 +4.039275e-02 +4.237315e-02
+2.140000e+05 +3.364954e-01 +4.187477e-02 +4.169646e-02
+2.130000e+05 +3.433841e-01 +4.300841e-02 +4.042102e-02
+2.120000e+05 +3.499437e-01 +4.409118e-02 +3.918112e-02
+2.110000e+05 +3.562029e-01 +4.512703e-02 +3.797752e-02
+2.100000e+05 +3.643979e-01 +4.673248e-02 +3.680969e-02
+2.090000e+05 +3.818334e-01 +4.972333e-02 +3.535939e-02
+2.080000e+05 +3.987811e-01 +5.262618e-02 +3.396803e-02
+2.070000e+05 +4.152914e-01 +5.559576e-02 +3.263255e-02
+2.060000e+05 +4.448866e-01 +5.885112e-02 +3.132977e-02
+2.050000e+05 +4.738714e-01 +6.200352e-02 +3.006966e-02
+2.040000e+05 +5.017093e-01 +6.502636e-02 +2.867000e-02
+2.030000e+05 +5.293887e-01 +6.878002e-02 +2.725629e-02
+2.020000e+05 +5.528052e-01 +7.236173e-02 +2.585310e-02
+2.010000e+05 +5.619817e-01 +7.587338e-02 +2.449105e-02
+2.000000e+05 +5.708353e-01 +8.019917e-02 +2.286729e-02
+1.990000e+05 +5.799191e-01 +8.446732e-02 +2.125593e-02
+1.980000e+05 +5.879881e-01 +8.849671e-02 +1.966415e-02
+1.970000e+05 +5.951517e-01 +9.226669e-02 +1.820024e-02
+1.960000e+05 +5.992707e-01 +9.546827e-02 +1.683318e-02
+1.950000e+05 +6.039323e-01 +9.854804e-02 +1.553915e-02
+1.940000e+05 +6.080514e-01 +1.010217e-01 +1.429723e-02
+1.930000e+05 +6.106494e-01 +1.031715e-01 +1.368960e-02
+1.920000e+05 +6.146289e-01 +1.060657e-01 +1.313875e-02
+1.910000e+05 +6.182911e-01 +1.112090e-01 +1.260400e-02
+1.900000e+05 +6.233496e-01 +1.164544e-01 +1.211796e-02
+1.890000e+05 +6.277131e-01 +1.211961e-01 +1.157990e-02
+1.880000e+05 +6.328717e-01 +1.257541e-01 +1.100321e-02
+1.870000e+05 +6.385410e-01 +1.302940e-01 +1.045797e-02
+1.860000e+05 +6.439652e-01 +1.346744e-01 +9.929343e-03
+1.850000e+05 +6.491526e-01 +1.389014e-01 +9.558434e-03
+1.840000e+05 +6.579163e-01 +1.428556e-01 +9.271971e-03
+1.830000e+05 +6.695620e-01 +1.466878e-01 +8.995466e-03
+1.820000e+05 +6.803069e-01 +1.502803e-01 +8.721178e-03
+1.810000e+05 +6.862735e-01 +1.527691e-01 +8.423412e-03
+1.800000e+05 +7.042797e-01 +1.553701e-01 +8.152457e-03
+1.790000e+05 +7.249154e-01 +1.578234e-01 +7.890621e-03
+1.780000e+05 +7.441387e-01 +1.600539e-01 +7.597690e-03
+1.770000e+05 +7.547873e-01 +1.620766e-01 +7.280952e-03
+1.760000e+05 +7.575852e-01 +1.641162e-01 +6.981823e-03
+1.750000e+05 +7.598924e-01 +1.662931e-01 +6.691293e-03
+1.740000e+05 +7.621413e-01 +1.685868e-01 +6.412688e-03
+1.730000e+05 +7.733728e-01 +1.706325e-01 +6.138108e-03
+1.720000e+05 +7.926873e-01 +1.726348e-01 +5.874809e-03
+1.710000e+05 +8.106482e-01 +1.751620e-01 +5.617604e-03
+1.700000e+05 +8.280823e-01 +1.786407e-01 +5.408312e-03
+1.690000e+05 +8.463617e-01 +1.819587e-01 +5.236330e-03
+1.680000e+05 +8.621463e-01 +1.892646e-01 +5.047330e-03
+1.670000e+05 +8.758066e-01 +1.961447e-01 +4.852524e-03
+1.660000e+05 +8.867667e-01 +2.022285e-01 +4.651171e-03
+1.650000e+05 +8.989091e-01 +2.083209e-01 +4.466958e-03
+1.640000e+05 +9.190385e-01 +2.144679e-01 +4.298227e-03
+1.630000e+05 +9.367609e-01 +2.199886e-01 +4.129938e-03
+1.620000e+05 +9.523916e-01 +2.250278e-01 +3.986810e-03
+1.610000e+05 +9.683854e-01 +2.296173e-01 +3.846794e-03
+1.600000e+05 +9.929293e-01 +2.343432e-01 +3.719126e-03
+1.590000e+05 +1.014444e+00 +2.386170e-01 +3.593377e-03
+1.580000e+05 +1.029932e+00 +2.441691e-01 +3.470902e-03
+1.570000e+05 +1.045894e+00 +2.500795e-01 +3.357657e-03
+1.560000e+05 +1.053926e+00 +2.539919e-01 +3.226088e-03
+1.550000e+05 +1.061147e+00 +2.576015e-01 +3.100512e-03
+1.540000e+05 +1.067998e+00 +2.634196e-01 +2.981655e-03
+1.530000e+05 +1.062606e+00 +2.712930e-01 +2.864308e-03
+1.520000e+05 +1.056012e+00 +2.788327e-01 +2.748491e-03
+1.510000e+05 +1.049994e+00 +2.860486e-01 +2.637929e-03
+1.500000e+05 +1.043177e+00 +2.925973e-01 +2.517956e-03
+1.490000e+05 +1.041857e+00 +2.988884e-01 +2.381417e-03
+1.480000e+05 +1.052750e+00 +3.046402e-01 +2.249831e-03
+1.470000e+05 +1.062464e+00 +3.099217e-01 +2.123416e-03
+1.460000e+05 +1.071091e+00 +3.147649e-01 +2.010756e-03
+1.450000e+05 +1.081566e+00 +3.178141e-01 +1.894693e-03
+1.440000e+05 +1.093733e+00 +3.198962e-01 +1.780800e-03
+1.430000e+05 +1.105531e+00 +3.219581e-01 +1.671316e-03
+1.420000e+05 +1.117112e+00 +3.240352e-01 +1.565153e-03
+1.410000e+05 +1.116968e+00 +3.256746e-01 +1.463381e-03
+1.400000e+05 +1.117046e+00 +3.273653e-01 +1.367842e-03
+1.390000e+05 +1.117739e+00 +3.291489e-01 +1.267698e-03
+1.380000e+05 +1.117289e+00 +3.258079e-01 +1.169025e-03
+1.370000e+05 +1.116542e+00 +3.197451e-01 +1.076037e-03
+1.360000e+05 +1.116240e+00 +3.140920e-01 +9.808209e-04
+1.350000e+05 +1.106053e+00 +3.059649e-01 +8.791098e-04
+1.340000e+05 +1.095124e+00 +2.967231e-01 +7.823648e-04
+1.330000e+05 +1.089056e+00 +2.874998e-01 +6.918070e-04
+1.320000e+05 +1.085478e+00 +2.793559e-01 +6.043003e-04
+1.310000e+05 +1.080501e+00 +2.672405e-01 +5.205821e-04
+1.300000e+05 +1.080915e+00 +2.516901e-01 +4.466053e-04
+1.290000e+05 +1.076889e+00 +2.358429e-01 +3.785244e-04
+1.280000e+05 +1.058162e+00 +2.156105e-01 +3.151481e-04
+1.270000e+05 +1.037020e+00 +1.934531e-01 +2.644214e-04
+1.260000e+05 +1.008048e+00 +1.707388e-01 +2.149179e-04
+1.250000e+05 +9.832541e-01 +1.485333e-01 +1.726660e-04
+1.240000e+05 +9.207439e-01 +1.274080e-01 +1.360513e-04
+1.230000e+05 +8.620610e-01 +1.076978e-01 +1.025531e-04
+1.220000e+05 +8.032202e-01 +9.048089e-02 +7.556956e-05
+1.210000e+05 +7.453603e-01 +7.408669e-02 +5.864027e-05
+1.200000e+05 +6.899191e-01 +5.983644e-02 +4.459711e-05
+1.190000e+05 +6.356681e-01 +4.629669e-02 +3.254044e-05
+1.180000e+05 +5.811996e-01 +3.457131e-02 +2.261933e-05
+1.170000e+05 +5.205517e-01 +2.618907e-02 +1.498720e-05
+1.160000e+05 +4.610201e-01 +1.986858e-02 +1.126824e-05
+1.150000e+05 +4.003624e-01 +1.618586e-02 +7.672813e-06
+1.140000e+05 +3.252934e-01 +1.626467e-02 +8.132336e-06
+1.130000e+05 +2.537596e-01 +1.268798e-02 +2.787530e-06
+1.120000e+05 +2.014288e-01 +1.007144e-02 +9.722453e-07
+1.110000e+05 +1.621024e-01 +8.105120e-03 +3.437960e-07
+1.100000e+05 +1.314665e-01 +6.573327e-03 +1.225135e-07
+1.090000e+05 +1.077837e-01 +5.389183e-03 +4.413454e-08
+1.080000e+05 +8.884481e-02 +4.442240e-03 +1.598508e-08
+1.070000e+05 +7.259624e-02 +3.629812e-03 +5.739237e-09
+1.060000e+05 +5.853754e-02 +2.926877e-03 +2.033441e-09
+1.050000e+05 +4.651865e-02 +2.325932e-03 +7.100377e-10
+1.040000e+05 +3.649598e-02 +1.824799e-03 +2.447690e-10
+1.030000e+05 +2.835517e-02 +1.417758e-03 +8.356045e-11
+1.020000e+05 +2.188255e-02 +1.094127e-03 +2.833503e-11
+1.010000e+05 +1.681522e-02 +8.407608e-04 +9.567210e-12
+1.000000e+05 +1.291267e-02 +6.456336e-04 +3.228168e-12
