0.000000e+00
6.837039e+00
1.367364e+01
2.050960e+01
2.734492e+01
3.417961e+01
4.101367e+01
4.784710e+01
5.467990e+01
6.151208e+01
6.834365e+01
7.517460e+01
8.200493e+01
8.883465e+01
9.566377e+01
1.024923e+02
1.093202e+02
1.161475e+02
1.229742e+02
1.298003e+02
1.366258e+02
1.434507e+02
1.502750e+02
1.570987e+02
1.639218e+02
1.707443e+02
1.775662e+02
1.843875e+02
1.912082e+02
1.980282e+02
2.048477e+02
2.116666e+02
2.184848e+02
2.253025e+02
2.321195e+02
2.389358e+02
2.457516e+02
2.525667e+02
2.593812e+02
2.661951e+02
2.730083e+02
2.798209e+02
2.866328e+02
2.934441e+02
3.002547e+02
3.070646e+02
3.138739e+02
3.206825e+02
3.274905e+02
3.342977e+02
3.411043e+02
3.479102e+02
3.547154e+02
3.615199e+02
3.683237e+02
3.751268e+02
3.819292e+02
3.887309e+02
